{
    "animation": [
        {
            "name": "Root",
            "time": [0.0, 1.3333, 2.6667],
            "transform": [
                [1.0, 0.0, 0.0, -5e-06, 0.0, 0.0, -1.0, 0.000946, 0.0, 1.0, 0.0, 0.488915, 0.0, 0.0, 0.0, 1.0],
                [1.0, 0.0, 0.0, -5e-06, 0.0, 0.0, -1.0, 0.000946, 0.0, 1.0, 0.0, 0.508904, 0.0, 0.0, 0.0, 1.0],
                [1.0, 0.0, 0.0, -5e-06, 0.0, 0.0, -1.0, 0.000946, 0.0, 1.0, 0.0, 0.488915, 0.0, 0.0, 0.0, 1.0]
            ]
        },
        {
            "name": "Thigh_R",
            "time": [0.0, 1.3333, 2.6667],
            "transform": [
                [0.987467, -0.157751, -0.004776, 0.124994, -0.037969, -0.266831, 0.962995, -0.002831, -0.153188, -0.950743, -0.269477, -1.2e-05, 0.0, 0.0, 0.0, 1.0],
                [0.987243, -0.145594, -0.064448, 0.124994, 0.01471, -0.319633, 0.947427, -0.002831, -0.15854, -0.936287, -0.313415, -1.2e-05, 0.0, 0.0, 0.0, 1.0],
                [0.987467, -0.157751, -0.004776, 0.124994, -0.037969, -0.266831, 0.962995, -0.002831, -0.153188, -0.950743, -0.269477, -1.2e-05, 0.0, 0.0, 0.0, 1.0]
            ]
        },
        {
            "name": "Leg_R",
            "time": [0.0, 1.3333, 2.6667],
            "transform": [
                [1.0, -1e-06, 0.0, 0.0, -0.0, 0.28436, 0.958717, 0.374726, -1e-06, -0.958719, 0.284358, 0.0, 0.0, 0.0, 0.0, 1.0],
                [1.0, -1e-06, 0.0, -0.0, -0.0, 0.299047, 0.954238, 0.374726, -1e-06, -0.954239, 0.299046, -0.0, 0.0, 0.0, 0.0, 1.0],
                [1.0, -1e-06, 0.0, 0.0, -0.0, 0.28436, 0.958717, 0.374726, -1e-06, -0.958719, 0.284358, 0.0, 0.0, 0.0, 0.0, 1.0]
            ]
        },
        {
            "name": "Knee_R",
            "time": [0.0, 2.6667],
            "transform": [
                [1.0, 0.0, -0.0, 0.0, -0.0, 0.00567, -0.999984, 0.453247, -0.0, 0.999984, 0.00567, -0.000445, 0.0, 0.0, 0.0, 1.0],
                [1.0, 0.0, -0.0, 0.0, -0.0, 0.00567, -0.999984, 0.453247, -0.0, 0.999984, 0.00567, -0.000445, 0.0, 0.0, 0.0, 1.0]
            ]
        },
        {
            "name": "Thigh_L",
            "time": [0.0, 1.3333, 2.6667],
            "transform": [
                [0.999864, -0.012524, -0.01073, -0.125006, -0.015689, -0.521799, -0.852924, -0.002831, 0.005083, 0.852976, -0.521925, -1.2e-05, 0.0, 0.0, 0.0, 1.0],
                [0.999078, -0.035164, -0.024628, -0.125006, -0.040011, -0.554718, -0.831076, -0.002831, 0.015562, 0.831294, -0.555614, -1.2e-05, 0.0, 0.0, 0.0, 1.0],
                [0.999864, -0.012524, -0.01073, -0.125006, -0.015689, -0.521799, -0.852924, -0.002831, 0.005083, 0.852976, -0.521925, -1.2e-05, 0.0, 0.0, 0.0, 1.0]
            ]
        },
        {
            "name": "Leg_L",
            "time": [0.0, 1.3333, 2.6667],
            "transform": [
                [1.0, -0.0, 1e-06, -0.0, -0.0, 0.999988, 0.004876, 0.374726, -1e-06, -0.004876, 0.999988, -0.0, 0.0, 0.0, 0.0, 1.0],
                [1.0, 0.0, 1e-06, 0.0, -0.0, 0.999988, 0.004858, 0.374726, -1e-06, -0.004858, 0.999988, 0.0, 0.0, 0.0, 0.0, 1.0],
                [1.0, -0.0, 1e-06, -0.0, -0.0, 0.999988, 0.004876, 0.374726, -1e-06, -0.004876, 0.999988, -0.0, 0.0, 0.0, 0.0, 1.0]
            ]
        },
        {
            "name": "Knee_L",
            "time": [0.0, 2.6667],
            "transform": [
                [1.0, 0.0, -0.0, -0.0, -0.0, 0.00567, -0.999984, 0.374726, -0.0, 0.999984, 0.00567, -0.0, 0.0, 0.0, 0.0, 1.0],
                [1.0, 0.0, -0.0, -0.0, -0.0, 0.00567, -0.999984, 0.374726, -0.0, 0.999984, 0.00567, -0.0, 0.0, 0.0, 0.0, 1.0]
            ]
        },
        {
            "name": "Torso",
            "time": [0.0, 1.3333, 2.6667],
            "transform": [
                [0.63141, 0.0, 0.775449, 0.0, 0.0, 1.0, 0.0, 0.05, -0.775449, 0.0, 0.63141, 0.0, 0.0, 0.0, 0.0, 1.0],
                [0.658406, 0.0, 0.752663, 0.0, 0.0, 1.0, 0.0, 0.05, -0.752663, 0.0, 0.658406, 0.0, 0.0, 0.0, 0.0, 1.0],
                [0.63141, 0.0, 0.775449, 0.0, 0.0, 1.0, 0.0, 0.05, -0.775449, 0.0, 0.63141, 0.0, 0.0, 0.0, 0.0, 1.0]
            ]
        },
        {
            "name": "Chest",
            "time": [0.0, 1.3333, 2.6667],
            "transform": [
                [1.0, 0.0, -0.0, 0.0, 0.0, 1.0, 0.0, 0.3, 0.0, 0.0, 1.0, 0.0, 0.0, 0.0, 0.0, 1.0],
                [1.0, 0.0, -0.0, 0.0, 0.0, 1.0, 0.0, 0.3, 0.0, 0.0, 1.0, 0.0, 0.0, 0.0, 0.0, 1.0],
                [1.0, 0.0, -0.0, 0.0, 0.0, 1.0, 0.0, 0.3, 0.0, 0.0, 1.0, 0.0, 0.0, 0.0, 0.0, 1.0]
            ]
        },
        {
            "name": "Head",
            "time": [0.0, 1.3333, 2.6667],
            "transform": [
                [0.608099, 0.0, -0.793862, -0.0, 0.0, 1.0, 0.0, 0.4, 0.793862, 0.0, 0.608099, -0.0, 0.0, 0.0, 0.0, 1.0],
                [0.608099, 0.0, -0.793862, -0.0, 0.0, 1.0, 0.0, 0.4, 0.793862, 0.0, 0.608099, 0.0, 0.0, 0.0, 0.0, 1.0],
                [0.608099, 0.0, -0.793862, -0.0, 0.0, 1.0, 0.0, 0.4, 0.793862, 0.0, 0.608099, -0.0, 0.0, 0.0, 0.0, 1.0]
            ]
        },
        {
            "name": "Shoulder_R",
            "time": [0.0, 1.3333, 2.6667],
            "transform": [
                [0.0, 0.952114, 0.305743, -0.0, 0.0, -0.305743, 0.952114, 0.4, 1.0, 0.0, -0.0, -0.0, 0.0, 0.0, 0.0, 1.0],
                [0.0, 0.952114, 0.305743, -0.0, 0.0, -0.305743, 0.952114, 0.4, 1.0, 0.0, -0.0, 0.0, 0.0, 0.0, 0.0, 1.0],
                [0.0, 0.952114, 0.305743, -0.0, 0.0, -0.305743, 0.952114, 0.4, 1.0, 0.0, -0.0, -0.0, 0.0, 0.0, 0.0, 1.0]
            ]
        },
        {
            "name": "Arm_R",
            "time": [0.0, 1.3333, 2.6667],
            "transform": [
                [0.602001, -0.143526, -0.785491, -0.0, 0.614259, 0.711758, 0.340715, 0.393861, 0.510178, -0.687606, 0.516641, 0.0, 0.0, 0.0, 0.0, 1.0],
                [0.598222, -0.227675, -0.768308, 0.0, 0.631039, 0.724777, 0.276566, 0.393861, 0.493884, -0.650279, 0.577249, -0.0, 0.0, 0.0, 0.0, 1.0],
                [0.602001, -0.143526, -0.785491, -0.0, 0.614259, 0.711758, 0.340715, 0.393861, 0.510178, -0.687606, 0.516641, 0.0, 0.0, 0.0, 0.0, 1.0]
            ]
        },
        {
            "name": "Hand_R",
            "time": [0.0, 1.3333, 2.6667],
            "transform": [
                [1.0, -3e-06, 2e-06, 0.0, 3e-06, 0.538485, -0.842636, 0.300002, 2e-06, 0.842636, 0.538485, 0.0, 0.0, 0.0, 0.0, 1.0],
                [1.0, -2e-06, 1e-06, -0.0, 2e-06, 0.76827, -0.640127, 0.300003, 1e-06, 0.640126, 0.76827, -0.0, 0.0, 0.0, 0.0, 1.0],
                [1.0, -3e-06, 2e-06, 0.0, 3e-06, 0.538485, -0.842636, 0.300002, 2e-06, 0.842636, 0.538485, 0.0, 0.0, 0.0, 0.0, 1.0]
            ]
        },
        {
            "name": "Tool_R",
            "time": [0.0, 1.3333, 2.6667],
            "transform": [
                [0.971194, 0.18175, -0.154108, 0.0, -0.001921, -0.640731, -0.767763, 0.271711, -0.238283, 0.745943, -0.621925, -0.028915, 0.0, 0.0, 0.0, 1.0],
                [0.971194, 0.18175, -0.154108, 0.0, -0.001921, -0.640731, -0.767763, 0.271711, -0.238283, 0.745943, -0.621925, -0.028915, 0.0, 0.0, 0.0, 1.0],
                [0.971194, 0.18175, -0.154108, 0.0, -0.001921, -0.640731, -0.767763, 0.271711, -0.238283, 0.745943, -0.621925, -0.028915, 0.0, 0.0, 0.0, 1.0]
            ]
        },
        {
            "name": "Elbow_R",
            "time": [0.0, 2.6667],
            "transform": [
                [-1.0, 0.0, 0.0, 0.0, -0.0, 0.003946, -0.999992, 0.39311, -0.0, -0.999992, -0.003946, -0.000885, 0.0, 0.0, 0.0, 1.0],
                [-1.0, 0.0, 0.0, 0.0, -0.0, 0.003946, -0.999992, 0.39311, -0.0, -0.999992, -0.003946, -0.000885, 0.0, 0.0, 0.0, 1.0]
            ]
        },
        {
            "name": "Shoulder_L",
            "time": [0.0, 1.3333, 2.6667],
            "transform": [
                [0.0, -0.952114, -0.305743, -0.0, 0.0, -0.305743, 0.952114, 0.4, -1.0, -0.0, 0.0, -0.0, 0.0, 0.0, 0.0, 1.0],
                [-0.0, -0.952114, -0.305743, -0.0, 0.0, -0.305743, 0.952114, 0.4, -1.0, 0.0, 0.0, 0.0, 0.0, 0.0, 0.0, 1.0],
                [0.0, -0.952114, -0.305743, -0.0, 0.0, -0.305743, 0.952114, 0.4, -1.0, -0.0, 0.0, -0.0, 0.0, 0.0, 0.0, 1.0]
            ]
        },
        {
            "name": "Arm_L",
            "time": [0.0, 1.3333, 2.6667],
            "transform": [
                [-0.966454, -0.200472, 0.160553, 0.0, -0.254236, 0.835481, -0.48717, 0.39386, -0.036475, -0.511646, -0.858421, 0.0, 0.0, 0.0, 0.0, 1.0],
                [-0.936968, -0.194789, 0.290082, 0.0, -0.331242, 0.759415, -0.559971, 0.39386, -0.111216, -0.620762, -0.776069, -0.0, 0.0, 0.0, 0.0, 1.0],
                [-0.966454, -0.200472, 0.160553, 0.0, -0.254236, 0.835481, -0.48717, 0.39386, -0.036475, -0.511646, -0.858421, 0.0, 0.0, 0.0, 0.0, 1.0]
            ]
        },
        {
            "name": "Hand_L",
            "time": [0.0, 1.3333, 2.6667],
            "transform": [
                [1.0, -0.0, 0.0, -0.0, 0.0, -0.059587, -0.998223, 0.300003, 0.0, 0.998224, -0.059587, 0.0, 0.0, 0.0, 0.0, 1.0],
                [1.0, -0.0, 0.0, 0.0, 0.0, 0.312706, -0.94985, 0.300003, 0.0, 0.94985, 0.312706, -0.0, 0.0, 0.0, 0.0, 1.0],
                [1.0, -0.0, 0.0, -0.0, 0.0, -0.059587, -0.998223, 0.300003, 0.0, 0.998224, -0.059587, 0.0, 0.0, 0.0, 0.0, 1.0]
            ]
        },
        {
            "name": "Tool_L",
            "time": [0.0, 1.3333, 2.6667],
            "transform": [
                [1.0, 0.0, 0.0, -0.0, 0.0, -0.999559, -0.029689, 0.271711, 0.0, 0.029689, -0.999559, -0.028915, 0.0, 0.0, 0.0, 1.0],
                [1.0, -0.0, 0.0, -0.0, -0.0, -0.999559, -0.029689, 0.271711, 0.0, 0.029689, -0.99956, -0.028915, 0.0, 0.0, 0.0, 1.0],
                [1.0, 0.0, 0.0, -0.0, 0.0, -0.999559, -0.029689, 0.271711, 0.0, 0.029689, -0.999559, -0.028915, 0.0, 0.0, 0.0, 1.0]
            ]
        },
        {
            "name": "Elbow_L",
            "time": [0.0, 2.6667],
            "transform": [
                [-1.0, 0.0, -0.0, -0.0, 0.0, 0.003946, -0.999992, 0.447206, -0.0, -0.999993, -0.003946, -0.000672, 0.0, 0.0, 0.0, 1.0],
                [-1.0, 0.0, -0.0, -0.0, 0.0, 0.003946, -0.999992, 0.447206, -0.0, -0.999993, -0.003946, -0.000672, 0.0, 0.0, 0.0, 1.0]
            ]
        }
    ]
}