{
    "animation": [
        {
            "name": "Root",
            "time": [0.0, 0.1667, 0.3333, 0.5, 0.6667],
            "transform": [
                [1.0, 0.0, 0.0, -5e-06, 0.0, 0.0, -1.0, 0.000946, 0.0, 1.0, 0.0, 0.412229, 0.0, 0.0, 0.0, 1.0],
                [1.0, 0.0, 0.0, -5e-06, 0.0, 0.0, -1.0, 0.000946, 0.0, 1.0, 0.0, 0.636802, 0.0, 0.0, 0.0, 1.0],
                [1.0, 0.0, 0.0, -5e-06, 0.0, 0.0, -1.0, 0.000946, 0.0, 1.0, 0.0, 0.549456, 0.0, 0.0, 0.0, 1.0],
                [1.0, 0.0, 0.0, -5e-06, 0.0, 0.0, -1.0, 0.000946, 0.0, 1.0, 0.0, 0.664929, 0.0, 0.0, 0.0, 1.0],
                [1.0, 0.0, 0.0, -5e-06, 0.0, 0.0, -1.0, 0.000946, 0.0, 1.0, 0.0, 0.412229, 0.0, 0.0, 0.0, 1.0]
            ]
        },
        {
            "name": "Thigh_R",
            "time": [0.0, 0.1667, 0.3333, 0.5, 0.6667],
            "transform": [
                [0.988842, 0.000365, 0.148964, 0.124994, 0.141629, -0.312232, -0.93939, -0.002831, 0.046169, 0.950004, -0.3088, -1.2e-05, 0.0, 0.0, 0.0, 1.0],
                [0.998423, 0.05389, 0.015715, 0.124994, 0.00147, -0.304961, 0.952364, -0.002831, 0.056115, -0.950837, -0.30456, -1.2e-05, 0.0, 0.0, 0.0, 1.0],
                [0.999346, 0.014398, 0.033145, 0.124994, -0.023188, -0.448004, 0.893731, -0.002831, 0.027718, -0.893914, -0.447378, -1.2e-05, 0.0, 0.0, 0.0, 1.0],
                [0.999438, 0.015964, 0.029458, 0.124994, -0.007403, -0.752246, 0.65884, -0.002831, 0.032678, -0.658687, -0.751707, -1.2e-05, 0.0, 0.0, 0.0, 1.0],
                [0.988842, 0.000365, 0.148964, 0.124994, 0.141629, -0.312232, -0.93939, -0.002831, 0.046169, 0.950004, -0.3088, -1.2e-05, 0.0, 0.0, 0.0, 1.0]
            ]
        },
        {
            "name": "Leg_R",
            "time": [0.0, 0.1667, 0.3333, 0.5, 0.6667],
            "transform": [
                [1.0, -0.0, 1e-06, 0.0, -0.0, 0.999991, 0.004785, 0.374726, -1e-06, -0.004785, 0.999985, -0.0, 0.0, 0.0, 0.0, 1.0],
                [1.0, -0.0, -0.0, -0.0, -0.0, -0.841877, 0.539673, 0.374726, -1e-06, -0.539674, -0.841872, -0.0, 0.0, 0.0, 0.0, 1.0],
                [1.0, -1e-06, 1e-06, 0.0, -0.0, 0.68275, 0.730653, 0.374726, -1e-06, -0.730654, 0.682746, 0.0, 0.0, 0.0, 0.0, 1.0],
                [1.0, -1e-06, 1e-06, -0.0, -0.0, 0.546305, 0.837586, 0.374726, -1e-06, -0.837588, 0.546302, 0.0, 0.0, 0.0, 0.0, 1.0],
                [1.0, -0.0, 1e-06, 0.0, -0.0, 0.999991, 0.004785, 0.374726, -1e-06, -0.004785, 0.999985, -0.0, 0.0, 0.0, 0.0, 1.0]
            ]
        },
        {
            "name": "Knee_R",
            "time": [0.0, 0.6667],
            "transform": [
                [1.0, 0.0, -0.0, 0.0, -0.0, 0.00567, -0.999984, 0.374726, -0.0, 0.999984, 0.00567, -0.0, 0.0, 0.0, 0.0, 1.0],
                [1.0, 0.0, -0.0, 0.0, -0.0, 0.00567, -0.999984, 0.374726, -0.0, 0.999984, 0.00567, -0.0, 0.0, 0.0, 0.0, 1.0]
            ]
        },
        {
            "name": "Thigh_L",
            "time": [0.0, 0.1667, 0.3333, 0.5, 0.6667],
            "transform": [
                [1.0, 0.0, -0.0, -0.125006, 0.0, -0.062564, 0.998041, -0.002831, 0.0, -0.998041, -0.062564, -1.2e-05, 0.0, 0.0, 0.0, 1.0],
                [1.0, 1e-06, 0.0, -0.125006, 0.0, -0.715869, 0.698234, -0.002831, 0.0, -0.698233, -0.71587, -1.2e-05, 0.0, 0.0, 0.0, 1.0],
                [1.0, -0.0, 0.0, -0.125006, -0.0, -0.57706, -0.816701, -0.002831, 0.0, 0.816701, -0.577061, -1.2e-05, 0.0, 0.0, 0.0, 1.0],
                [1.0, 1e-06, 0.0, -0.125006, 0.0, -0.174157, 0.984718, -0.002831, 1e-06, -0.984717, -0.174157, -1.2e-05, 0.0, 0.0, 0.0, 1.0],
                [1.0, 0.0, -0.0, -0.125006, 0.0, -0.062564, 0.998041, -0.002831, 0.0, -0.998041, -0.062564, -1.2e-05, 0.0, 0.0, 0.0, 1.0]
            ]
        },
        {
            "name": "Leg_L",
            "time": [0.0, 0.1667, 0.3333, 0.5, 0.6667],
            "transform": [
                [1.0, -1e-06, 0.0, -0.0, -0.0, 0.012371, 0.999923, 0.374726, -1e-06, -0.999923, 0.012371, 0.0, 0.0, 0.0, 0.0, 1.0],
                [1.0, -1e-06, 0.0, 0.0, -0.0, -0.002571, 0.999997, 0.374726, -1e-06, -0.999996, -0.002571, -0.0, 0.0, 0.0, 0.0, 1.0],
                [1.0, -0.0, 1e-06, -0.0, -0.0, 0.999989, 0.004708, 0.374726, -1e-06, -0.004708, 0.999989, -0.0, 0.0, 0.0, 0.0, 1.0],
                [1.0, -0.0, -0.0, -0.0, -0.0, -0.787196, 0.616703, 0.374726, -1e-06, -0.616702, -0.787196, 0.0, 0.0, 0.0, 0.0, 1.0],
                [1.0, -1e-06, 0.0, -0.0, -0.0, 0.012371, 0.999923, 0.374726, -1e-06, -0.999923, 0.012371, 0.0, 0.0, 0.0, 0.0, 1.0]
            ]
        },
        {
            "name": "Knee_L",
            "time": [0.0, 0.6667],
            "transform": [
                [1.0, 0.0, -0.0, 0.0, -0.0, 0.00567, -0.999984, 0.482234, -0.0, 0.999984, 0.00567, -0.00061, 0.0, 0.0, 0.0, 1.0],
                [1.0, 0.0, -0.0, 0.0, -0.0, 0.00567, -0.999984, 0.482234, -0.0, 0.999984, 0.00567, -0.00061, 0.0, 0.0, 0.0, 1.0]
            ]
        },
        {
            "name": "Torso",
            "time": [0.0, 0.1667, 0.3333, 0.5, 0.6667],
            "transform": [
                [0.991533, -0.0, -0.129855, 0.0, 0.040392, 0.950392, 0.308422, 0.05, 0.123413, -0.311056, 0.942345, 0.0, 0.0, 0.0, 0.0, 1.0],
                [0.991533, -0.0, -0.129855, 0.0, 0.061897, 0.879086, 0.472628, 0.05, 0.114154, -0.476664, 0.871643, 0.0, 0.0, 0.0, 0.0, 1.0],
                [0.991533, -0.0, -0.129855, 0.0, 0.061897, 0.879086, 0.472628, 0.05, 0.114154, -0.476664, 0.871643, 0.0, 0.0, 0.0, 0.0, 1.0],
                [0.991533, -0.0, -0.129855, 0.0, 0.061897, 0.879086, 0.472628, 0.05, 0.114154, -0.476664, 0.871643, 0.0, 0.0, 0.0, 0.0, 1.0],
                [0.991533, -0.0, -0.129855, 0.0, 0.040392, 0.950392, 0.308422, 0.05, 0.123413, -0.311056, 0.942345, 0.0, 0.0, 0.0, 0.0, 1.0]
            ]
        },
        {
            "name": "Chest",
            "time": [0.0, 0.1667, 0.3333, 0.5, 0.6667],
            "transform": [
                [1.0, -0.0, 0.0, -0.0, -0.0, 1.0, -0.0, 0.3, 0.0, 0.0, 1.0, 0.0, 0.0, 0.0, 0.0, 1.0],
                [1.0, -0.0, 0.0, 0.0, -0.0, 1.0, -0.0, 0.3, 0.0, -0.0, 1.0, 0.0, 0.0, 0.0, 0.0, 1.0],
                [1.0, -0.0, 0.0, 0.0, -0.0, 1.0, -0.0, 0.3, 0.0, -0.0, 1.0, -0.0, 0.0, 0.0, 0.0, 1.0],
                [1.0, -0.0, 0.0, 0.0, -0.0, 1.0, -0.0, 0.3, 0.0, -0.0, 1.0, 0.0, 0.0, 0.0, 0.0, 1.0],
                [1.0, -0.0, 0.0, -0.0, -0.0, 1.0, -0.0, 0.3, 0.0, 0.0, 1.0, 0.0, 0.0, 0.0, 0.0, 1.0]
            ]
        },
        {
            "name": "Head",
            "time": [0.0, 0.1667, 0.3333, 0.5, 0.6667],
            "transform": [
                [0.999995, 0.002144, -0.002261, 0.0, -0.002432, 0.990633, -0.136527, 0.4, 0.001947, 0.136532, 0.990634, 0.0, 0.0, 0.0, 0.0, 1.0],
                [0.999995, 0.002144, -0.002261, -0.0, -0.002432, 0.990633, -0.136527, 0.4, 0.001947, 0.136532, 0.990634, -0.0, 0.0, 0.0, 0.0, 1.0],
                [0.999995, 0.002144, -0.002261, 0.0, -0.002432, 0.990633, -0.136527, 0.4, 0.001947, 0.136532, 0.990634, 0.0, 0.0, 0.0, 0.0, 1.0],
                [0.999995, 0.002144, -0.002261, 0.0, -0.002432, 0.990633, -0.136527, 0.4, 0.001947, 0.136532, 0.990634, 0.0, 0.0, 0.0, 0.0, 1.0],
                [0.999995, 0.002144, -0.002261, 0.0, -0.002432, 0.990633, -0.136527, 0.4, 0.001947, 0.136532, 0.990634, 0.0, 0.0, 0.0, 0.0, 1.0]
            ]
        },
        {
            "name": "Shoulder_R",
            "time": [0.0, 0.1667, 0.3333, 0.5, 0.6667],
            "transform": [
                [0.0, 0.952114, 0.305743, 0.0, 0.0, -0.305743, 0.952114, 0.4, 1.0, 0.0, -0.0, 0.0, 0.0, 0.0, 0.0, 1.0],
                [0.0, 0.952114, 0.305743, -0.0, -0.0, -0.305743, 0.952114, 0.4, 1.0, -0.0, -0.0, -0.0, 0.0, 0.0, 0.0, 1.0],
                [0.0, 0.952114, 0.305743, 0.0, -0.0, -0.305743, 0.952114, 0.4, 1.0, -0.0, -0.0, 0.0, 0.0, 0.0, 0.0, 1.0],
                [0.0, 0.952114, 0.305743, 0.0, -0.0, -0.305743, 0.952114, 0.4, 1.0, -0.0, -0.0, 0.0, 0.0, 0.0, 0.0, 1.0],
                [0.0, 0.952114, 0.305743, 0.0, 0.0, -0.305743, 0.952114, 0.4, 1.0, 0.0, -0.0, 0.0, 0.0, 0.0, 0.0, 1.0]
            ]
        },
        {
            "name": "Arm_R",
            "time": [0.0, 0.1667, 0.3333, 0.5, 0.6667],
            "transform": [
                [0.089036, 0.376021, -0.922323, 0.0, 0.837963, 0.472283, 0.273437, 0.393861, 0.538416, -0.797219, -0.273042, -0.0, 0.0, 0.0, 0.0, 1.0],
                [0.313244, 0.332717, -0.889482, 0.0, 0.804335, 0.40501, 0.434755, 0.39386, 0.504899, -0.851626, -0.140749, -0.0, 0.0, 0.0, 0.0, 1.0],
                [0.44137, 0.610228, -0.657887, 0.0, 0.662425, 0.272982, 0.697621, 0.39386, 0.605299, -0.743709, -0.283744, -0.0, 0.0, 0.0, 0.0, 1.0],
                [0.300694, 0.241742, -0.922575, -0.0, 0.820414, 0.427699, 0.379466, 0.39386, 0.486318, -0.870996, -0.069722, -0.0, 0.0, 0.0, 0.0, 1.0],
                [0.089036, 0.376021, -0.922323, 0.0, 0.837963, 0.472283, 0.273437, 0.393861, 0.538416, -0.797219, -0.273042, -0.0, 0.0, 0.0, 0.0, 1.0]
            ]
        },
        {
            "name": "Hand_R",
            "time": [0.0, 0.1667, 0.3333, 0.5, 0.6667],
            "transform": [
                [1.0, -4e-06, 3e-06, -0.0, 4e-06, 0.240347, -0.970687, 0.300002, 3e-06, 0.970688, 0.240347, 0.0, 0.0, 0.0, 0.0, 1.0],
                [1.0, -4e-06, 2e-06, -0.0, 4e-06, 0.363533, -0.931582, 0.300003, 2e-06, 0.931582, 0.363533, -0.0, 0.0, 0.0, 0.0, 1.0],
                [1.0, -4e-06, 3e-06, -0.0, 4e-06, 0.268681, -0.96323, 0.300003, 3e-06, 0.96323, 0.26868, 0.0, 0.0, 0.0, 0.0, 1.0],
                [1.0, -3e-06, 2e-06, -0.0, 3e-06, 0.503286, -0.864121, 0.300002, 2e-06, 0.864121, 0.503286, -0.0, 0.0, 0.0, 0.0, 1.0],
                [1.0, -4e-06, 3e-06, -0.0, 4e-06, 0.240347, -0.970687, 0.300002, 3e-06, 0.970688, 0.240347, 0.0, 0.0, 0.0, 0.0, 1.0]
            ]
        },
        {
            "name": "Tool_R",
            "time": [0.0, 0.1667, 0.3333, 0.5, 0.6667],
            "transform": [
                [0.999122, 0.033648, -0.024967, -0.0, 0.010665, -0.780485, -0.625084, 0.271711, -0.040519, 0.624269, -0.780159, -0.028915, 0.0, 0.0, 0.0, 1.0],
                [0.999122, 0.033648, -0.024967, 0.0, 0.010665, -0.780485, -0.625084, 0.271711, -0.040519, 0.624269, -0.780159, -0.028915, 0.0, 0.0, 0.0, 1.0],
                [0.999122, 0.033648, -0.024967, 0.0, 0.010665, -0.780485, -0.625084, 0.271711, -0.040519, 0.624269, -0.780159, -0.028915, 0.0, 0.0, 0.0, 1.0],
                [0.999122, 0.033648, -0.024967, -0.0, 0.010665, -0.780485, -0.625084, 0.271711, -0.040519, 0.624269, -0.780159, -0.028915, 0.0, 0.0, 0.0, 1.0],
                [0.999122, 0.033648, -0.024967, -0.0, 0.010665, -0.780485, -0.625084, 0.271711, -0.040519, 0.624269, -0.780159, -0.028915, 0.0, 0.0, 0.0, 1.0]
            ]
        },
        {
            "name": "Elbow_R",
            "time": [0.0, 0.6667],
            "transform": [
                [-1.0, 0.0, -0.0, -0.0, 0.0, 0.003946, -0.999992, 0.423652, -0.0, -0.999992, -0.003946, -0.000764, 0.0, 0.0, 0.0, 1.0],
                [-1.0, 0.0, -0.0, -0.0, 0.0, 0.003946, -0.999992, 0.423652, -0.0, -0.999992, -0.003946, -0.000764, 0.0, 0.0, 0.0, 1.0]
            ]
        },
        {
            "name": "Shoulder_L",
            "time": [0.0, 0.1667, 0.3333, 0.5, 0.6667],
            "transform": [
                [-0.0, -0.952114, -0.305743, 0.0, 0.0, -0.305743, 0.952114, 0.4, -1.0, -0.0, 0.0, 0.0, 0.0, 0.0, 0.0, 1.0],
                [-0.0, -0.952114, -0.305743, -0.0, 0.0, -0.305743, 0.952114, 0.4, -1.0, 0.0, 0.0, -0.0, 0.0, 0.0, 0.0, 1.0],
                [-0.0, -0.952114, -0.305743, 0.0, 0.0, -0.305743, 0.952114, 0.4, -1.0, 0.0, 0.0, 0.0, 0.0, 0.0, 0.0, 1.0],
                [-0.0, -0.952114, -0.305743, 0.0, 0.0, -0.305743, 0.952114, 0.4, -1.0, 0.0, 0.0, 0.0, 0.0, 0.0, 0.0, 1.0],
                [-0.0, -0.952114, -0.305743, 0.0, 0.0, -0.305743, 0.952114, 0.4, -1.0, -0.0, 0.0, 0.0, 0.0, 0.0, 0.0, 1.0]
            ]
        },
        {
            "name": "Arm_L",
            "time": [0.0, 0.1667, 0.3333, 0.5, 0.6667],
            "transform": [
                [0.210013, -0.879896, 0.426234, 0.0, -0.699221, 0.169541, 0.69451, 0.39386, -0.683362, -0.443888, -0.579636, -0.0, 0.0, 0.0, 0.0, 1.0],
                [0.505603, 0.398037, 0.765461, -0.0, -0.813822, 0.514605, 0.269953, 0.39386, -0.28646, -0.759438, 0.584118, -0.0, 0.0, 0.0, 0.0, 1.0],
                [0.448151, 0.466218, 0.762758, -0.0, -0.826241, 0.541771, 0.154304, 0.39386, -0.341302, -0.699374, 0.628004, -0.0, 0.0, 0.0, 0.0, 1.0],
                [0.701292, 0.30272, 0.645406, 0.0, -0.676881, 0.566809, 0.469637, 0.39386, -0.223654, -0.766216, 0.602405, -0.0, 0.0, 0.0, 0.0, 1.0],
                [0.210013, -0.879896, 0.426234, 0.0, -0.699221, 0.169541, 0.69451, 0.39386, -0.683362, -0.443888, -0.579636, -0.0, 0.0, 0.0, 0.0, 1.0]
            ]
        },
        {
            "name": "Hand_L",
            "time": [0.0, 0.1667, 0.3333, 0.5, 0.6667],
            "transform": [
                [1.0, 0.0, 0.0, -0.0, 0.0, 0.396841, -0.917887, 0.300003, -0.0, 0.917888, 0.396841, 0.0, 0.0, 0.0, 0.0, 1.0],
                [1.0, -0.0, 0.0, -0.0, 0.0, 0.999999, -0.001006, 0.300002, 0.0, 0.001006, 1.0, -0.0, 0.0, 0.0, 0.0, 1.0],
                [1.0, -0.0, 0.0, -0.0, 0.0, 0.763257, -0.646095, 0.300002, 0.0, 0.646095, 0.763256, 0.0, 0.0, 0.0, 0.0, 1.0],
                [1.0, 0.0, 0.0, -0.0, -0.0, 1.0, -0.000996, 0.300003, -0.0, 0.000996, 0.999999, -0.0, 0.0, 0.0, 0.0, 1.0],
                [1.0, 0.0, 0.0, -0.0, 0.0, 0.396841, -0.917887, 0.300003, -0.0, 0.917888, 0.396841, 0.0, 0.0, 0.0, 0.0, 1.0]
            ]
        },
        {
            "name": "Tool_L",
            "time": [0.0, 0.1667, 0.3333, 0.5, 0.6667],
            "transform": [
                [1.0, 0.0, 0.0, 0.0, 0.0, -0.999559, -0.029689, 0.271711, 0.0, 0.029689, -0.99956, -0.028915, 0.0, 0.0, 0.0, 1.0],
                [1.0, 0.0, 0.0, 0.0, -0.0, -0.999559, -0.029689, 0.271711, 0.0, 0.029689, -0.99956, -0.028915, 0.0, 0.0, 0.0, 1.0],
                [1.0, 0.0, 0.0, 0.0, 0.0, -0.999559, -0.029689, 0.271711, 0.0, 0.029689, -0.99956, -0.028915, 0.0, 0.0, 0.0, 1.0],
                [1.0, 0.0, 0.0, -0.0, 0.0, -0.999559, -0.029689, 0.271711, 0.0, 0.029689, -0.99956, -0.028915, 0.0, 0.0, 0.0, 1.0],
                [1.0, 0.0, 0.0, 0.0, 0.0, -0.999559, -0.029689, 0.271711, 0.0, 0.029689, -0.99956, -0.028915, 0.0, 0.0, 0.0, 1.0]
            ]
        },
        {
            "name": "Elbow_L",
            "time": [0.0, 0.6667],
            "transform": [
                [-1.0, 0.0, -0.0, -0.0, 0.0, 0.003946, -0.999992, 0.408157, -0.0, -0.999993, -0.003946, -0.000825, 0.0, 0.0, 0.0, 1.0],
                [-1.0, 0.0, -0.0, -0.0, 0.0, 0.003946, -0.999992, 0.408157, -0.0, -0.999993, -0.003946, -0.000825, 0.0, 0.0, 0.0, 1.0]
            ]
        }
    ]
}