{
    "animation": [
        {
            "name": "Root",
            "time": [0.0, 0.3333, 0.6667, 1.0, 1.3333],
            "transform": [
                [1.0, 0.0, 0.0, -5e-06, 0.0, 0.0, -1.0, 0.000946, 0.0, 1.0, 0.0, 0.610443, 0.0, 0.0, 0.0, 1.0],
                [1.0, 0.0, 0.0, -5e-06, 0.0, 0.0, -1.0, 0.000946, 0.0, 1.0, 0.0, 0.709119, 0.0, 0.0, 0.0, 1.0],
                [1.0, 0.0, 0.0, -5e-06, 0.0, 0.0, -1.0, 0.000946, 0.0, 1.0, 0.0, 0.593467, 0.0, 0.0, 0.0, 1.0],
                [1.0, 0.0, 0.0, -5e-06, 0.0, 0.0, -1.0, 0.000946, 0.0, 1.0, 0.0, 0.773887, 0.0, 0.0, 0.0, 1.0],
                [1.0, 0.0, 0.0, -5e-06, 0.0, 0.0, -1.0, 0.000946, 0.0, 1.0, 0.0, 0.610443, 0.0, 0.0, 0.0, 1.0]
            ]
        },
        {
            "name": "Thigh_R",
            "time": [0.0, 0.3333, 0.6667, 1.0, 1.3333],
            "transform": [
                [1.0, 0.0, 0.0, 0.124994, 0.0, -0.942037, -0.335506, -0.002831, 0.0, 0.335505, -0.942038, -1.2e-05, 0.0, 0.0, 0.0, 1.0],
                [1.0, 1e-06, 0.0, 0.124994, 0.0, -0.653062, 0.757304, -0.002831, 1e-06, -0.757302, -0.653063, -1.2e-05, 0.0, 0.0, 0.0, 1.0],
                [1.0, 0.0, 0.0, 0.124994, 0.0, -0.488573, 0.872523, -0.002831, 0.0, -0.872521, -0.488575, -1.2e-05, 0.0, 0.0, 0.0, 1.0],
                [1.0, 0.0, 0.0, 0.124994, 0.0, -0.991852, 0.12738, -0.002831, 0.0, -0.12738, -0.991854, -1.2e-05, 0.0, 0.0, 0.0, 1.0],
                [1.0, 0.0, 0.0, 0.124994, 0.0, -0.942037, -0.335506, -0.002831, 0.0, 0.335505, -0.942038, -1.2e-05, 0.0, 0.0, 0.0, 1.0]
            ]
        },
        {
            "name": "Leg_R",
            "time": [0.0, 0.3333, 0.6667, 1.0, 1.3333],
            "transform": [
                [1.0, -0.0, 1e-06, 0.0, -0.0, 0.866295, 0.499536, 0.374726, -1e-06, -0.499537, 0.86629, 0.0, 0.0, 0.0, 0.0, 1.0],
                [1.0, -1e-06, 0.0, -0.0, -0.0, -0.117063, 0.993123, 0.374726, -1e-06, -0.993125, -0.117063, 0.0, 0.0, 0.0, 0.0, 1.0],
                [1.0, -1e-06, 1e-06, -0.0, -0.0, 0.497956, 0.867202, 0.374726, -1e-06, -0.867204, 0.497953, 0.0, 0.0, 0.0, 0.0, 1.0],
                [1.0, -0.0, 1e-06, -0.0, -0.0, 0.943666, 0.330907, 0.374726, -1e-06, -0.330908, 0.94366, 0.0, 0.0, 0.0, 0.0, 1.0],
                [1.0, -0.0, 1e-06, 0.0, -0.0, 0.866295, 0.499536, 0.374726, -1e-06, -0.499537, 0.86629, 0.0, 0.0, 0.0, 0.0, 1.0]
            ]
        },
        {
            "name": "Knee_R",
            "time": [0.0, 1.3333],
            "transform": [
                [1.0, 0.0, -0.0, 0.0, -0.0, 0.00567, -0.999984, 0.374726, -0.0, 0.999984, 0.00567, -0.0, 0.0, 0.0, 0.0, 1.0],
                [1.0, 0.0, -0.0, 0.0, -0.0, 0.00567, -0.999984, 0.374726, -0.0, 0.999984, 0.00567, -0.0, 0.0, 0.0, 0.0, 1.0]
            ]
        },
        {
            "name": "Thigh_L",
            "time": [0.0, 0.3333, 0.6667, 1.0, 1.3333],
            "transform": [
                [1.0, 0.0, 0.0, -0.125006, 0.0, -0.591503, 0.806303, -0.002831, 0.0, -0.806302, -0.591503, -1.2e-05, 0.0, 0.0, 0.0, 1.0],
                [1.0, 0.0, 0.0, -0.125006, 0.0, -0.864933, 0.501886, -0.002831, 0.0, -0.501886, -0.864934, -1.2e-05, 0.0, 0.0, 0.0, 1.0],
                [1.0, 0.0, 0.0, -0.125006, 0.0, -0.991961, -0.12654, -0.002831, -0.0, 0.12654, -0.991961, -1.2e-05, 0.0, 0.0, 0.0, 1.0],
                [1.0, 1e-06, 0.0, -0.125006, 0.0, -0.464275, 0.885691, -0.002831, 1e-06, -0.885691, -0.464275, -1.2e-05, 0.0, 0.0, 0.0, 1.0],
                [1.0, 0.0, 0.0, -0.125006, 0.0, -0.591503, 0.806303, -0.002831, 0.0, -0.806302, -0.591503, -1.2e-05, 0.0, 0.0, 0.0, 1.0]
            ]
        },
        {
            "name": "Leg_L",
            "time": [0.0, 0.3333, 0.6667, 1.0, 1.3333],
            "transform": [
                [1.0, -1e-06, 1e-06, 0.0, -0.0, 0.630956, 0.775819, 0.374726, -1e-06, -0.775818, 0.630956, 0.0, 0.0, 0.0, 0.0, 1.0],
                [1.0, -0.0, 1e-06, 0.0, -0.0, 0.779767, 0.62607, 0.374726, -1e-06, -0.626069, 0.779767, 0.0, 0.0, 0.0, 0.0, 1.0],
                [1.0, -1e-06, 0.0, 0.0, -0.0, 0.339576, 0.940579, 0.374726, -1e-06, -0.940578, 0.339576, 0.0, 0.0, 0.0, 0.0, 1.0],
                [1.0, -1e-06, 0.0, 0.0, -0.0, -0.283187, 0.959065, 0.374726, -1e-06, -0.959064, -0.283187, 0.0, 0.0, 0.0, 0.0, 1.0],
                [1.0, -1e-06, 1e-06, 0.0, -0.0, 0.630956, 0.775819, 0.374726, -1e-06, -0.775818, 0.630956, 0.0, 0.0, 0.0, 0.0, 1.0]
            ]
        },
        {
            "name": "Knee_L",
            "time": [0.0, 1.3333],
            "transform": [
                [1.0, 0.0, -0.0, 0.0, -0.0, 0.00567, -0.999984, 0.411814, -0.0, 0.999984, 0.00567, -0.00021, 0.0, 0.0, 0.0, 1.0],
                [1.0, 0.0, -0.0, 0.0, -0.0, 0.00567, -0.999984, 0.411814, -0.0, 0.999984, 0.00567, -0.00021, 0.0, 0.0, 0.0, 1.0]
            ]
        },
        {
            "name": "Torso",
            "time": [0.0, 0.3333, 0.6667, 1.0, 1.3333],
            "transform": [
                [0.855599, 0.0, -0.517639, 0.0, 0.0, 1.0, 0.0, 0.05, 0.517639, 0.0, 0.855599, 0.0, 0.0, 0.0, 0.0, 1.0],
                [0.880903, -0.003569, -0.473282, 0.0, 0.036102, 0.997565, 0.059672, 0.05, 0.471917, -0.069651, 0.878887, 0.0, 0.0, 0.0, 0.0, 1.0],
                [0.8293, 0.003413, -0.558793, 0.0, 0.036102, 0.997565, 0.059672, 0.05, 0.557636, -0.069659, 0.827158, 0.0, 0.0, 0.0, 0.0, 1.0],
                [0.894267, -0.005595, -0.447499, 0.0, 0.036102, 0.997565, 0.059672, 0.05, 0.446076, -0.069518, 0.892291, 0.0, 0.0, 0.0, 0.0, 1.0],
                [0.855599, 0.0, -0.517639, 0.0, 0.0, 1.0, 0.0, 0.05, 0.517639, 0.0, 0.855599, 0.0, 0.0, 0.0, 0.0, 1.0]
            ]
        },
        {
            "name": "Chest",
            "time": [0.0, 0.3333, 0.6667, 1.0, 1.3333],
            "transform": [
                [1.0, 0.0, 0.0, -0.0, 0.0, 1.0, 0.0, 0.3, 0.0, 0.0, 1.0, -0.0, 0.0, 0.0, 0.0, 1.0],
                [1.0, 0.0, 0.0, 0.0, 0.0, 1.0, -0.0, 0.3, 0.0, 0.0, 1.0, -0.0, 0.0, 0.0, 0.0, 1.0],
                [1.0, 0.0, -0.0, 0.0, 0.0, 1.0, 0.0, 0.3, 0.0, 0.0, 1.0, 0.0, 0.0, 0.0, 0.0, 1.0],
                [1.0, 0.0, -0.0, 0.0, -0.0, 1.0, -0.0, 0.3, -0.0, 0.0, 1.0, -0.0, 0.0, 0.0, 0.0, 1.0],
                [1.0, 0.0, 0.0, -0.0, 0.0, 1.0, 0.0, 0.3, 0.0, 0.0, 1.0, -0.0, 0.0, 0.0, 0.0, 1.0]
            ]
        },
        {
            "name": "Head",
            "time": [0.0, 0.3333, 0.6667, 1.0, 1.3333],
            "transform": [
                [0.893201, 0.0, 0.449658, -0.0, 0.0, 1.0, 0.0, 0.4, -0.449659, 0.0, 0.893201, 0.0, 0.0, 0.0, 0.0, 1.0],
                [0.893201, -0.0, 0.449658, 0.0, 0.0, 1.0, -0.0, 0.4, -0.449659, -0.0, 0.893201, -0.0, 0.0, 0.0, 0.0, 1.0],
                [0.893201, 0.0, 0.449659, -0.0, 0.0, 1.0, 0.0, 0.4, -0.449659, -0.0, 0.893201, -0.0, 0.0, 0.0, 0.0, 1.0],
                [0.893201, 0.0, 0.449658, 0.0, -0.0, 1.0, -0.0, 0.4, -0.449659, 0.0, 0.893201, 0.0, 0.0, 0.0, 0.0, 1.0],
                [0.893201, 0.0, 0.449658, -0.0, 0.0, 1.0, 0.0, 0.4, -0.449659, 0.0, 0.893201, 0.0, 0.0, 0.0, 0.0, 1.0]
            ]
        },
        {
            "name": "Shoulder_R",
            "time": [0.0, 0.3333, 0.6667, 1.0, 1.3333],
            "transform": [
                [0.0, 0.952114, 0.305743, -0.0, 0.0, -0.305743, 0.952114, 0.4, 1.0, 0.0, -0.0, 0.0, 0.0, 0.0, 0.0, 1.0],
                [0.0, 0.952114, 0.305743, 0.0, 0.0, -0.305743, 0.952114, 0.4, 1.0, -0.0, -0.0, -0.0, 0.0, 0.0, 0.0, 1.0],
                [0.0, 0.952114, 0.305743, -0.0, 0.0, -0.305743, 0.952114, 0.4, 1.0, -0.0, -0.0, -0.0, 0.0, 0.0, 0.0, 1.0],
                [0.0, 0.952114, 0.305743, 0.0, 0.0, -0.305743, 0.952114, 0.4, 1.0, -0.0, -0.0, 0.0, 0.0, 0.0, 0.0, 1.0],
                [0.0, 0.952114, 0.305743, -0.0, 0.0, -0.305743, 0.952114, 0.4, 1.0, 0.0, -0.0, 0.0, 0.0, 0.0, 0.0, 1.0]
            ]
        },
        {
            "name": "Arm_R",
            "time": [0.0, 0.3333, 0.6667, 1.0, 1.3333],
            "transform": [
                [-0.415191, -0.787523, -0.455439, 0.0, 0.642055, 0.101008, -0.759976, 0.393861, 0.644501, -0.607952, 0.463694, 0.0, 0.0, 0.0, 0.0, 1.0],
                [-0.343786, -0.687612, -0.639533, -0.0, 0.777706, 0.17321, -0.604294, 0.393861, 0.526294, -0.705116, 0.475212, -0.0, 0.0, 0.0, 0.0, 1.0],
                [-0.525055, -0.727641, -0.441426, -0.0, 0.620161, 0.028101, -0.783971, 0.393861, 0.582854, -0.685383, 0.436499, -0.0, 0.0, 0.0, 0.0, 1.0],
                [-0.219876, -0.676992, -0.702379, -0.0, 0.81144, 0.272736, -0.516895, 0.393861, 0.541498, -0.683592, 0.48937, 0.0, 0.0, 0.0, 0.0, 1.0],
                [-0.415191, -0.787523, -0.455439, 0.0, 0.642055, 0.101008, -0.759976, 0.393861, 0.644501, -0.607952, 0.463694, 0.0, 0.0, 0.0, 0.0, 1.0]
            ]
        },
        {
            "name": "Hand_R",
            "time": [0.0, 0.3333, 0.6667, 1.0, 1.3333],
            "transform": [
                [1.0, 0.0, 0.0, -0.0, -0.0, 1.0, -0.00101, 0.300003, -0.0, 0.00101, 1.0, -0.0, 0.0, 0.0, 0.0, 1.0],
                [1.0, 0.0, 0.0, 0.0, 0.0, 1.0, -0.001013, 0.300003, -0.0, 0.001013, 0.999999, 0.0, 0.0, 0.0, 0.0, 1.0],
                [1.0, 0.0, 0.0, -0.0, -0.0, 1.0, -0.001011, 0.300002, -0.0, 0.001011, 1.0, -0.0, 0.0, 0.0, 0.0, 1.0],
                [1.0, 0.0, 0.0, -0.0, -0.0, 1.0, -0.001013, 0.300003, 0.0, 0.001013, 1.0, -0.0, 0.0, 0.0, 0.0, 1.0],
                [1.0, 0.0, 0.0, -0.0, -0.0, 1.0, -0.00101, 0.300003, -0.0, 0.00101, 1.0, -0.0, 0.0, 0.0, 0.0, 1.0]
            ]
        },
        {
            "name": "Tool_R",
            "time": [0.0, 0.3333, 0.6667, 1.0, 1.3333],
            "transform": [
                [0.999122, 0.033648, -0.024967, -0.0, 0.010665, -0.780485, -0.625084, 0.271711, -0.040519, 0.624269, -0.780159, -0.028915, 0.0, 0.0, 0.0, 1.0],
                [0.999122, 0.033648, -0.024967, -0.0, 0.010665, -0.780485, -0.625084, 0.271711, -0.040519, 0.624269, -0.780159, -0.028915, 0.0, 0.0, 0.0, 1.0],
                [0.999122, 0.033648, -0.024967, 0.0, 0.010665, -0.780485, -0.625084, 0.271711, -0.040519, 0.624269, -0.780159, -0.028915, 0.0, 0.0, 0.0, 1.0],
                [0.999122, 0.033648, -0.024967, 0.0, 0.010665, -0.780485, -0.625084, 0.271711, -0.040519, 0.624269, -0.780159, -0.028915, 0.0, 0.0, 0.0, 1.0],
                [0.999122, 0.033648, -0.024967, -0.0, 0.010665, -0.780485, -0.625084, 0.271711, -0.040519, 0.624269, -0.780159, -0.028915, 0.0, 0.0, 0.0, 1.0]
            ]
        },
        {
            "name": "Elbow_R",
            "time": [0.0, 1.3333],
            "transform": [
                [-1.0, 0.0, -0.0, -0.0, -0.0, 0.003946, -0.999992, 0.300008, -0.0, -0.999992, -0.003946, -0.001252, 0.0, 0.0, 0.0, 1.0],
                [-1.0, 0.0, -0.0, -0.0, -0.0, 0.003946, -0.999992, 0.300008, -0.0, -0.999992, -0.003946, -0.001252, 0.0, 0.0, 0.0, 1.0]
            ]
        },
        {
            "name": "Shoulder_L",
            "time": [0.0, 0.3333, 0.6667, 1.0, 1.3333],
            "transform": [
                [0.0, -0.952114, -0.305743, -0.0, 0.0, -0.305743, 0.952114, 0.4, -1.0, 0.0, 0.0, 0.0, 0.0, 0.0, 0.0, 1.0],
                [-0.0, -0.952114, -0.305743, 0.0, 0.0, -0.305743, 0.952114, 0.4, -1.0, -0.0, 0.0, -0.0, 0.0, 0.0, 0.0, 1.0],
                [-0.0, -0.952114, -0.305743, -0.0, 0.0, -0.305743, 0.952114, 0.4, -1.0, 0.0, 0.0, -0.0, 0.0, 0.0, 0.0, 1.0],
                [-0.0, -0.952114, -0.305743, 0.0, 0.0, -0.305743, 0.952114, 0.4, -1.0, 0.0, 0.0, 0.0, 0.0, 0.0, 0.0, 1.0],
                [0.0, -0.952114, -0.305743, -0.0, 0.0, -0.305743, 0.952114, 0.4, -1.0, 0.0, 0.0, 0.0, 0.0, 0.0, 0.0, 1.0]
            ]
        },
        {
            "name": "Arm_L",
            "time": [0.0, 0.3333, 0.6667, 1.0, 1.3333],
            "transform": [
                [0.349629, -0.383746, 0.854692, -0.0, -0.936876, -0.14774, 0.316915, 0.39386, 0.004657, -0.911543, -0.411177, 0.0, 0.0, 0.0, 0.0, 1.0],
                [0.276001, -0.326286, 0.90408, 0.0, -0.96072, -0.065297, 0.269727, 0.39386, -0.028975, -0.943012, -0.331492, 0.0, 0.0, 0.0, 0.0, 1.0],
                [0.383373, -0.397057, 0.833889, -0.0, -0.923564, -0.171974, 0.342715, 0.39386, 0.00733, -0.901537, -0.432638, -0.0, 0.0, 0.0, 0.0, 1.0],
                [0.234063, -0.293698, 0.926798, -0.0, -0.971028, -0.023403, 0.237817, 0.39386, -0.048157, -0.955611, -0.290667, 0.0, 0.0, 0.0, 0.0, 1.0],
                [0.349629, -0.383746, 0.854692, -0.0, -0.936876, -0.14774, 0.316915, 0.39386, 0.004657, -0.911543, -0.411177, 0.0, 0.0, 0.0, 0.0, 1.0]
            ]
        },
        {
            "name": "Hand_L",
            "time": [0.0, 0.3333, 0.6667, 1.0, 1.3333],
            "transform": [
                [1.0, -0.0, 0.0, -0.0, 0.0, 0.999999, -0.000996, 0.300003, 0.0, 0.000996, 0.999999, 0.0, 0.0, 0.0, 0.0, 1.0],
                [1.0, -0.0, 0.0, 0.0, 0.0, 0.999999, -0.001001, 0.300002, 0.0, 0.001001, 0.999999, -0.0, 0.0, 0.0, 0.0, 1.0],
                [1.0, 0.0, 0.0, -0.0, 0.0, 0.999999, -0.000996, 0.300003, -0.0, 0.000996, 1.0, 0.0, 0.0, 0.0, 0.0, 1.0],
                [1.0, 0.0, 0.0, -0.0, -0.0, 0.999999, -0.001004, 0.300002, 0.0, 0.001004, 1.0, 0.0, 0.0, 0.0, 0.0, 1.0],
                [1.0, -0.0, 0.0, -0.0, 0.0, 0.999999, -0.000996, 0.300003, 0.0, 0.000996, 0.999999, 0.0, 0.0, 0.0, 0.0, 1.0]
            ]
        },
        {
            "name": "Tool_L",
            "time": [0.0, 0.3333, 0.6667, 1.0, 1.3333],
            "transform": [
                [1.0, 0.0, 0.0, -0.0, -0.0, -0.999559, -0.029689, 0.271711, 0.0, 0.029689, -0.99956, -0.028915, 0.0, 0.0, 0.0, 1.0],
                [1.0, -0.0, 0.0, 0.0, -0.0, -0.999559, -0.029689, 0.271711, 0.0, 0.029689, -0.999559, -0.028915, 0.0, 0.0, 0.0, 1.0],
                [1.0, 0.0, 0.0, 0.0, 0.0, -0.999559, -0.029689, 0.271711, 0.0, 0.029689, -0.99956, -0.028915, 0.0, 0.0, 0.0, 1.0],
                [1.0, -0.0, 0.0, 0.0, -0.0, -0.999559, -0.029689, 0.271711, 0.0, 0.029689, -0.999559, -0.028915, 0.0, 0.0, 0.0, 1.0],
                [1.0, 0.0, 0.0, -0.0, -0.0, -0.999559, -0.029689, 0.271711, 0.0, 0.029689, -0.99956, -0.028915, 0.0, 0.0, 0.0, 1.0]
            ]
        },
        {
            "name": "Elbow_L",
            "time": [0.0, 1.3333],
            "transform": [
                [-1.0, 0.0, -0.0, 0.0, 0.0, 0.003946, -0.999992, 0.300008, -0.0, -0.999992, -0.003946, -0.001252, 0.0, 0.0, 0.0, 1.0],
                [-1.0, 0.0, -0.0, 0.0, 0.0, 0.003946, -0.999992, 0.300008, -0.0, -0.999992, -0.003946, -0.001252, 0.0, 0.0, 0.0, 1.0]
            ]
        }
    ]
}