{
    "animation": [
        {
            "name": "Root",
            "time": [0.0, 0.0833, 0.25, 0.4167, 0.6667],
            "transform": [
                [1.0, 0.0, 0.0, -5e-06, 0.0, 0.0, -1.0, 0.400982, 0.0, 1.0, 0.0, 0.552798, 0.0, 0.0, 0.0, 1.0],
                [1.0, 0.0, 0.0, -5e-06, 0.0, 0.0, -1.0, 0.342112, 0.0, 1.0, 0.0, 0.602932, 0.0, 0.0, 0.0, 1.0],
                [1.0, 0.0, 0.0, -5e-06, 0.0, 0.0, -1.0, 0.581006, 0.0, 1.0, 0.0, 0.589395, 0.0, 0.0, 0.0, 1.0],
                [1.0, 0.0, 0.0, -5e-06, 0.0, 0.0, -1.0, 0.858376, 0.0, 1.0, 0.0, 0.645782, 0.0, 0.0, 0.0, 1.0],
                [1.0, 0.0, 0.0, -5e-06, 0.0, 0.0, -1.0, 0.925535, 0.0, 1.0, 0.0, 0.607939, 0.0, 0.0, 0.0, 1.0]
            ]
        },
        {
            "name": "Thigh_R",
            "time": [0.0, 0.0833, 0.25, 0.4167, 0.6667],
            "transform": [
                [0.998833, 0.046818, -0.011824, 0.124994, 0.031492, -0.445952, 0.894503, -0.002831, 0.036605, -0.893829, -0.446907, -1.2e-05, 0.0, 0.0, 0.0, 1.0],
                [0.999064, 0.04296, -0.004929, 0.124994, 0.028787, -0.575708, 0.817148, -0.002831, 0.032268, -0.816524, -0.576408, -1.2e-05, 0.0, 0.0, 0.0, 1.0],
                [0.997808, 0.065936, -0.005588, 0.124994, 0.048279, -0.667651, 0.742907, -0.002831, 0.045254, -0.741547, -0.669372, -1.2e-05, 0.0, 0.0, 0.0, 1.0],
                [0.993384, 0.088369, 0.073334, 0.124994, 0.094335, -0.992128, -0.082332, -0.002831, 0.065481, 0.088705, -0.993904, -1.2e-05, 0.0, 0.0, 0.0, 1.0],
                [0.98716, 0.107047, 0.118557, 0.124994, 0.131077, -0.967051, -0.218239, -0.002831, 0.091289, 0.230976, -0.968667, -1.2e-05, 0.0, 0.0, 0.0, 1.0]
            ]
        },
        {
            "name": "Leg_R",
            "time": [0.0, 0.0833, 0.25, 0.4167, 0.6667],
            "transform": [
                [1.0, -1e-06, 1e-06, -0.0, -0.0, 0.391329, 0.92025, 0.374726, -1e-06, -0.920252, 0.391327, -0.0, 0.0, 0.0, 0.0, 1.0],
                [1.0, -1e-06, 1e-06, -0.0, -0.0, 0.685989, 0.727613, 0.374726, -1e-06, -0.727615, 0.685985, 0.0, 0.0, 0.0, 0.0, 1.0],
                [1.0, -1e-06, 0.0, -0.0, -0.0, 0.06861, 0.997642, 0.374726, -1e-06, -0.997644, 0.068609, 0.0, 0.0, 0.0, 0.0, 1.0],
                [1.0, -1e-06, 1e-06, -0.0, -0.0, 0.552372, 0.833598, 0.374726, -1e-06, -0.833599, 0.552369, -0.0, 0.0, 0.0, 0.0, 1.0],
                [1.0, -1e-06, 1e-06, 0.0, -0.0, 0.598141, 0.801391, 0.374726, -1e-06, -0.801393, 0.598137, -0.0, 0.0, 0.0, 0.0, 1.0]
            ]
        },
        {
            "name": "Knee_R",
            "time": [0.0, 0.6667],
            "transform": [
                [1.0, 0.0, -0.0, 0.0, -0.0, 0.00567, -0.999984, 0.4413, -0.0, 0.999984, 0.00567, -0.000377, 0.0, 0.0, 0.0, 1.0],
                [1.0, 0.0, -0.0, 0.0, -0.0, 0.00567, -0.999984, 0.416184, -0.0, 0.999984, 0.00567, -0.000235, 0.0, 0.0, 0.0, 1.0]
            ]
        },
        {
            "name": "Thigh_L",
            "time": [0.0, 0.0833, 0.25, 0.4167, 0.6667],
            "transform": [
                [0.997009, -0.049975, -0.058946, -0.125006, -0.070706, -0.897749, -0.434795, -0.002831, -0.03119, 0.437662, -0.898598, -1.2e-05, 0.0, 0.0, 0.0, 1.0],
                [0.998205, -0.048471, -0.035159, -0.125006, -0.051859, -0.993337, -0.102918, -0.002831, -0.029936, 0.104556, -0.994068, -1.2e-05, 0.0, 0.0, 0.0, 1.0],
                [0.998207, -0.054807, -0.024063, -0.125006, -0.042531, -0.93231, 0.35915, -0.002831, -0.042118, -0.357483, -0.932969, -1.2e-05, 0.0, 0.0, 0.0, 1.0],
                [0.995547, -0.056247, -0.075645, -0.125006, 0.022161, -0.640329, 0.767781, -0.002831, -0.091623, -0.766038, -0.636231, -1.2e-05, 0.0, 0.0, 0.0, 1.0],
                [0.994824, -0.072877, -0.070805, -0.125006, 0.016063, -0.575274, 0.817803, -0.002831, -0.100331, -0.814707, -0.571126, -1.2e-05, 0.0, 0.0, 0.0, 1.0]
            ]
        },
        {
            "name": "Leg_L",
            "time": [0.0, 0.0833, 0.25, 0.4167, 0.6667],
            "transform": [
                [1.0, -1e-06, 1e-06, -0.0, -0.0, 0.574934, 0.818199, 0.374726, -1e-06, -0.818199, 0.574934, 0.0, 0.0, 0.0, 0.0, 1.0],
                [1.0, -1e-06, 0.0, -0.0, -0.0, 0.316765, 0.948504, 0.374726, -1e-06, -0.948504, 0.316765, -0.0, 0.0, 0.0, 0.0, 1.0],
                [1.0, -1e-06, 0.0, 0.0, -0.0, -0.004815, 0.999988, 0.374726, -1e-06, -0.999988, -0.004815, 0.0, 0.0, 0.0, 0.0, 1.0],
                [1.0, -1e-06, 1e-06, 0.0, -0.0, 0.608829, 0.793301, 0.374726, -1e-06, -0.793301, 0.608829, -0.0, 0.0, 0.0, 0.0, 1.0],
                [1.0, -1e-06, 0.0, -0.0, -0.0, 0.334155, 0.942518, 0.374726, -1e-06, -0.942518, 0.334155, -0.0, 0.0, 0.0, 0.0, 1.0]
            ]
        },
        {
            "name": "Knee_L",
            "time": [0.0, 0.6667],
            "transform": [
                [1.0, 0.0, -0.0, -0.0, -0.0, 0.00567, -0.999984, 0.419194, -0.0, 0.999984, 0.00567, -0.000252, 0.0, 0.0, 0.0, 1.0],
                [1.0, 0.0, -0.0, 0.0, -0.0, 0.00567, -0.999984, 0.447745, -0.0, 0.999984, 0.00567, -0.000414, 0.0, 0.0, 0.0, 1.0]
            ]
        },
        {
            "name": "Torso",
            "time": [0.0, 0.0833, 0.25, 0.4167, 0.6667],
            "transform": [
                [0.974218, -0.111969, 0.195862, 0.0, 0.097579, 0.991872, 0.081663, 0.05, -0.203414, -0.060445, 0.977225, 0.0, 0.0, 0.0, 0.0, 1.0],
                [0.693288, -0.168846, 0.700602, 0.0, 0.127236, 0.985572, 0.111617, 0.05, -0.70934, 0.011759, 0.704768, 0.0, 0.0, 0.0, 0.0, 1.0],
                [0.990121, -0.08845, -0.108796, 0.0, 0.097579, 0.991872, 0.081663, 0.05, 0.100689, -0.091473, 0.990704, 0.0, 0.0, 0.0, 0.0, 1.0],
                [0.833964, -0.036713, -0.550596, 0.0, 0.097579, 0.991872, 0.081663, 0.05, 0.543123, -0.121831, 0.830768, 0.0, 0.0, 0.0, 0.0, 1.0],
                [0.654212, -0.002092, -0.756308, 0.0, 0.097579, 0.991872, 0.081663, 0.05, 0.74999, -0.127225, 0.649099, 0.0, 0.0, 0.0, 0.0, 1.0]
            ]
        },
        {
            "name": "Chest",
            "time": [0.0, 0.0833, 0.25, 0.4167, 0.6667],
            "transform": [
                [1.0, 0.0, -0.0, -0.0, 0.0, 1.0, 0.0, 0.3, 0.0, -0.0, 1.0, 0.0, 0.0, 0.0, 0.0, 1.0],
                [1.0, -0.0, -0.0, 0.0, -0.0, 1.0, -0.0, 0.3, 0.0, -0.0, 1.0, 0.0, 0.0, 0.0, 0.0, 1.0],
                [1.0, -0.0, -0.0, 0.0, -0.0, 1.0, -0.0, 0.3, 0.0, 0.0, 1.0, -0.0, 0.0, 0.0, 0.0, 1.0],
                [1.0, -0.0, 0.0, -0.0, 0.0, 1.0, 0.0, 0.3, -0.0, 0.0, 1.0, -0.0, 0.0, 0.0, 0.0, 1.0],
                [1.0, 0.0, -0.0, 0.0, 0.0, 1.0, -0.0, 0.3, -0.0, 0.0, 1.0, -0.0, 0.0, 0.0, 0.0, 1.0]
            ]
        },
        {
            "name": "Head",
            "time": [0.0, 0.0833, 0.25, 0.4167, 0.6667],
            "transform": [
                [0.982752, 0.091111, -0.160925, -0.0, -0.08742, 0.995723, 0.029885, 0.4, 0.16296, -0.015301, 0.986514, 0.0, 0.0, 0.0, 0.0, 1.0],
                [0.957583, 0.106634, -0.267701, -0.0, -0.097374, 0.994105, 0.047672, 0.4, 0.271207, -0.019582, 0.962322, 0.0, 0.0, 0.0, 0.0, 1.0],
                [0.992896, 0.066216, 0.098855, -0.0, -0.0669, 0.997753, 0.003621, 0.4, -0.098393, -0.010209, 0.995095, -0.0, 0.0, 0.0, 0.0, 1.0],
                [0.875438, 0.032468, 0.48224, -0.0, -0.0237, 0.999425, -0.024266, 0.4, -0.48275, 0.009814, 0.875703, 0.0, 0.0, 0.0, 0.0, 1.0],
                [0.875438, 0.032468, 0.48224, 0.0, -0.0237, 0.999425, -0.024266, 0.4, -0.48275, 0.009814, 0.875703, -0.0, 0.0, 0.0, 0.0, 1.0]
            ]
        },
        {
            "name": "Shoulder_R",
            "time": [0.0, 0.0833, 0.25, 0.4167, 0.6667],
            "transform": [
                [0.0, 0.952114, 0.305743, -0.0, 0.0, -0.305743, 0.952114, 0.4, 1.0, 0.0, -0.0, 0.0, 0.0, 0.0, 0.0, 1.0],
                [0.0, 0.952114, 0.305743, -0.0, -0.0, -0.305743, 0.952114, 0.4, 1.0, 0.0, -0.0, 0.0, 0.0, 0.0, 0.0, 1.0],
                [0.0, 0.952114, 0.305743, -0.0, 0.0, -0.305743, 0.952114, 0.4, 1.0, -0.0, -0.0, -0.0, 0.0, 0.0, 0.0, 1.0],
                [0.0, 0.952114, 0.305743, -0.0, 0.0, -0.305743, 0.952114, 0.4, 1.0, -0.0, -0.0, 0.0, 0.0, 0.0, 0.0, 1.0],
                [0.0, 0.952114, 0.305743, 0.0, 0.0, -0.305743, 0.952114, 0.4, 1.0, -0.0, -0.0, -0.0, 0.0, 0.0, 0.0, 1.0]
            ]
        },
        {
            "name": "Arm_R",
            "time": [0.0, 0.0833, 0.25, 0.4167, 0.6667],
            "transform": [
                [-0.535414, -0.496057, -0.683564, 0.0, 0.638597, -0.767448, 0.056738, 0.39386, -0.552744, -0.406144, 0.727683, 0.0, 0.0, 0.0, 0.0, 1.0],
                [-0.672109, -0.67443, 0.305637, -0.0, -0.132421, -0.296635, -0.945766, 0.39386, 0.728515, -0.676131, 0.110062, 0.0, 0.0, 0.0, 0.0, 1.0],
                [-0.286302, -0.957837, 0.024087, -0.0, 0.788372, -0.249786, -0.562206, 0.39386, 0.544518, -0.141972, 0.826646, 0.0, 0.0, 0.0, 0.0, 1.0],
                [0.400608, -0.542931, -0.738065, -0.0, 0.083433, 0.823797, -0.560711, 0.39386, 0.912443, 0.163047, 0.375318, 0.0, 0.0, 0.0, 0.0, 1.0],
                [0.198481, -0.469445, -0.860364, 0.0, -0.125491, 0.858432, -0.49734, 0.393861, 0.972038, 0.206681, 0.111471, 0.0, 0.0, 0.0, 0.0, 1.0]
            ]
        },
        {
            "name": "Hand_R",
            "time": [0.0, 0.0833, 0.25, 0.4167, 0.6667],
            "transform": [
                [1.0, 0.0, 0.0, -0.0, 0.0, 1.0, -0.001002, 0.300003, -0.0, 0.001002, 0.999999, -0.0, 0.0, 0.0, 0.0, 1.0],
                [1.0, -4e-06, 1e-06, -0.0, 4e-06, 0.731791, -0.681529, 0.300002, 1e-06, 0.68153, 0.731791, -0.0, 0.0, 0.0, 0.0, 1.0],
                [1.0, 0.0, 0.0, -0.0, 0.0, 1.0, -0.001008, 0.300003, -0.0, 0.001008, 1.0, 0.0, 0.0, 0.0, 0.0, 1.0],
                [1.0, -0.0, 0.0, 0.0, 0.0, 1.0, -0.001011, 0.300002, -0.0, 0.001011, 1.0, 0.0, 0.0, 0.0, 0.0, 1.0],
                [1.0, -0.0, 0.0, 0.0, -0.0, 1.0, -0.001013, 0.300003, -0.0, 0.001013, 1.0, 0.0, 0.0, 0.0, 0.0, 1.0]
            ]
        },
        {
            "name": "Tool_R",
            "time": [0.0, 0.1167, 0.25, 0.4167, 0.6667],
            "transform": [
                [0.785149, 0.59892, 0.157596, -0.0, 0.024281, 0.224506, -0.97417, 0.271711, -0.618831, 0.768695, 0.161728, -0.028915, 0.0, 0.0, 0.0, 1.0],
                [0.853325, 0.519677, -0.042101, -0.0, -0.050089, 0.001336, -0.998744, 0.271711, -0.518968, 0.854362, 0.02717, -0.028915, 0.0, 0.0, 0.0, 1.0],
                [0.196683, -0.973584, -0.115975, -0.0, -0.086216, 0.100654, -0.991179, 0.271711, 0.97667, 0.204947, -0.064141, -0.028915, 0.0, 0.0, 0.0, 1.0],
                [0.896161, -0.422043, -0.137021, 0.0, -0.062979, 0.184692, -0.980777, 0.271711, 0.439237, 0.887564, 0.138934, -0.028915, 0.0, 0.0, 0.0, 1.0],
                [0.896161, -0.422043, -0.137021, -0.0, -0.062979, 0.184692, -0.980777, 0.271711, 0.439237, 0.887564, 0.138934, -0.028915, 0.0, 0.0, 0.0, 1.0]
            ]
        },
        {
            "name": "Elbow_R",
            "time": [0.0, 0.6667],
            "transform": [
                [-1.0, 0.0, -0.0, -0.0, 0.0, 0.003946, -0.999992, 0.300008, -0.0, -0.999992, -0.003946, -0.001252, 0.0, 0.0, 0.0, 1.0],
                [-1.0, 0.0, -0.0, 0.0, 0.0, 0.003946, -0.999992, 0.300008, -0.0, -0.999992, -0.003946, -0.001252, 0.0, 0.0, 0.0, 1.0]
            ]
        },
        {
            "name": "Shoulder_L",
            "time": [0.0, 0.0833, 0.25, 0.4167, 0.6667],
            "transform": [
                [-0.0, -0.952114, -0.305743, -0.0, 0.0, -0.305743, 0.952114, 0.4, -1.0, -0.0, 0.0, 0.0, 0.0, 0.0, 0.0, 1.0],
                [-0.0, -0.952114, -0.305743, -0.0, 0.0, -0.305743, 0.952114, 0.4, -1.0, -0.0, 0.0, 0.0, 0.0, 0.0, 0.0, 1.0],
                [-0.0, -0.952114, -0.305743, -0.0, 0.0, -0.305743, 0.952114, 0.4, -1.0, 0.0, 0.0, -0.0, 0.0, 0.0, 0.0, 1.0],
                [-0.0, -0.952114, -0.305743, -0.0, 0.0, -0.305743, 0.952114, 0.4, -1.0, 0.0, 0.0, 0.0, 0.0, 0.0, 0.0, 1.0],
                [-0.0, -0.952114, -0.305743, 0.0, 0.0, -0.305743, 0.952114, 0.4, -1.0, 0.0, 0.0, -0.0, 0.0, 0.0, 0.0, 1.0]
            ]
        },
        {
            "name": "Arm_L",
            "time": [0.0, 0.0833, 0.25, 0.4167, 0.6667],
            "transform": [
                [-0.358234, -0.726278, 0.586675, -0.0, -0.922157, 0.177032, -0.343927, 0.393861, 0.145926, -0.664213, -0.733162, -0.0, 0.0, 0.0, 0.0, 1.0],
                [-0.910675, -0.27889, 0.304779, -0.0, -0.413028, 0.630338, -0.657329, 0.39386, -0.008792, -0.724495, -0.689223, 0.0, 0.0, 0.0, 0.0, 1.0],
                [0.12062, -0.678144, 0.724962, -0.0, -0.990973, -0.125298, 0.047674, 0.39386, 0.058506, -0.724169, -0.687136, -0.0, 0.0, 0.0, 0.0, 1.0],
                [0.919702, -0.28398, 0.271114, -0.0, -0.314034, -0.117622, 0.942098, 0.393861, -0.235648, -0.951588, -0.197357, -0.0, 0.0, 0.0, 0.0, 1.0],
                [0.921266, -0.384293, -0.059888, 0.0, -0.050196, -0.270175, 0.961502, 0.39386, -0.385679, -0.882793, -0.268193, 0.0, 0.0, 0.0, 0.0, 1.0]
            ]
        },
        {
            "name": "Hand_L",
            "time": [0.0, 0.0833, 0.25, 0.4167, 0.6667],
            "transform": [
                [1.0, 0.0, 0.0, -0.0, 0.0, 0.194639, -0.980875, 0.300003, 0.0, 0.980875, 0.194639, 0.0, 0.0, 0.0, 0.0, 1.0],
                [1.0, -0.0, 0.0, -0.0, 0.0, 0.173838, -0.984774, 0.300002, -0.0, 0.984775, 0.173838, -0.0, 0.0, 0.0, 0.0, 1.0],
                [1.0, -1e-06, 0.0, -0.0, 1e-06, 0.52405, -0.851688, 0.300002, 0.0, 0.851688, 0.52405, 0.0, 0.0, 0.0, 0.0, 1.0],
                [1.0, -0.0, 0.0, -0.0, -0.0, 0.999999, -0.000993, 0.300003, 0.0, 0.000993, 0.999999, -0.0, 0.0, 0.0, 0.0, 1.0],
                [1.0, -0.0, -0.0, 0.0, 0.0, 1.0, -0.000997, 0.300003, -0.0, 0.000997, 0.999999, 0.0, 0.0, 0.0, 0.0, 1.0]
            ]
        },
        {
            "name": "Tool_L",
            "time": [0.0, 0.0833, 0.25, 0.4167, 0.6667],
            "transform": [
                [1.0, 0.0, 0.0, -0.0, 0.0, -0.999559, -0.029689, 0.271711, 0.0, 0.029689, -0.99956, -0.028915, 0.0, 0.0, 0.0, 1.0],
                [1.0, -0.0, 0.0, 0.0, -0.0, -0.999559, -0.029689, 0.271711, 0.0, 0.029689, -0.99956, -0.028915, 0.0, 0.0, 0.0, 1.0],
                [1.0, -0.0, 0.0, 0.0, 0.0, -0.999559, -0.029689, 0.271711, 0.0, 0.029689, -0.99956, -0.028915, 0.0, 0.0, 0.0, 1.0],
                [1.0, 0.0, 0.0, 0.0, 0.0, -0.999559, -0.029689, 0.271711, 0.0, 0.029689, -0.99956, -0.028915, 0.0, 0.0, 0.0, 1.0],
                [1.0, -0.0, 0.0, -0.0, -0.0, -0.999559, -0.029689, 0.271711, 0.0, 0.029689, -0.999559, -0.028915, 0.0, 0.0, 0.0, 1.0]
            ]
        },
        {
            "name": "Elbow_L",
            "time": [0.0, 0.6667],
            "transform": [
                [-1.0, 0.0, -0.0, -0.0, 0.0, 0.003946, -0.999992, 0.428041, -0.0, -0.999993, -0.003946, -0.000747, 0.0, 0.0, 0.0, 1.0],
                [-1.0, 0.0, 0.0, 0.0, 0.0, 0.003946, -0.999992, 0.300007, -0.0, -0.999992, -0.003946, -0.001252, 0.0, 0.0, 0.0, 1.0]
            ]
        }
    ]
}