{
    "animation": [
        {
            "name": "Root",
            "time": [0.0, 0.1167, 0.3833, 0.75],
            "transform": [
                [1.0, 0.0, 0.0, -5e-06, 0.0, 0.0, -1.0, 0.000946, 0.0, 1.0, 0.0, 0.503171, 0.0, 0.0, 0.0, 1.0],
                [1.0, 0.0, 0.0, -5e-06, 0.0, 0.0, -1.0, 0.026565, 0.0, 1.0, 0.0, 0.50472, 0.0, 0.0, 0.0, 1.0],
                [1.0, 0.0, 0.0, -5e-06, 0.0, 0.0, -1.0, -0.274234, 0.0, 1.0, 0.0, 0.521372, 0.0, 0.0, 0.0, 1.0],
                [1.0, 0.0, 0.0, -5e-06, 0.0, 0.0, -1.0, 0.175525, 0.0, 1.0, 0.0, 0.552798, 0.0, 0.0, 0.0, 1.0]
            ]
        },
        {
            "name": "Thigh_R",
            "time": [0.0, 0.1167, 0.3833, 0.75],
            "transform": [
                [0.97582, 0.012006, 0.218244, 0.124994, 0.13978, -0.801901, -0.580874, -0.002831, 0.168036, 0.597334, -0.784191, -1.2e-05, 0.0, 0.0, 0.0, 1.0],
                [0.997012, 0.06453, 0.042453, 0.124994, 0.077109, -0.863762, -0.497963, -0.002831, 0.004536, 0.499747, -0.866159, -1.2e-05, 0.0, 0.0, 0.0, 1.0],
                [0.999034, 0.040924, -0.015978, 0.124994, 0.032707, -0.450009, 0.892425, -0.002831, 0.029332, -0.892084, -0.450914, -1.2e-05, 0.0, 0.0, 0.0, 1.0],
                [0.998833, 0.046818, -0.011824, 0.124994, 0.031492, -0.445952, 0.894503, -0.002831, 0.036605, -0.893829, -0.446908, -1.2e-05, 0.0, 0.0, 0.0, 1.0]
            ]
        },
        {
            "name": "Leg_R",
            "time": [0.0, 0.1167, 0.3833, 0.75],
            "transform": [
                [1.0, -0.0, 1e-06, -0.0, -0.0, 0.781486, 0.623924, 0.374726, -1e-06, -0.623926, 0.781482, 0.0, 0.0, 0.0, 0.0, 1.0],
                [1.0, -1e-06, 1e-06, -0.0, -0.0, 0.6679, 0.744252, 0.374726, -1e-06, -0.744253, 0.667896, -0.0, 0.0, 0.0, 0.0, 1.0],
                [1.0, -1e-06, 1e-06, -0.0, -0.0, 0.525248, 0.850949, 0.374726, -1e-06, -0.850951, 0.525244, -0.0, 0.0, 0.0, 0.0, 1.0],
                [1.0, -1e-06, 1e-06, -0.0, -0.0, 0.391329, 0.92025, 0.374726, -1e-06, -0.920252, 0.391327, 0.0, 0.0, 0.0, 0.0, 1.0]
            ]
        },
        {
            "name": "Knee_R",
            "time": [0.0, 0.75],
            "transform": [
                [1.0, 0.0, -0.0, 0.0, -0.0, 0.00567, -0.999984, 0.389308, -0.0, 0.999984, 0.00567, -8.3e-05, 0.0, 0.0, 0.0, 1.0],
                [1.0, 0.0, -0.0, 0.0, -0.0, 0.00567, -0.999984, 0.4413, -0.0, 0.999984, 0.00567, -0.000377, 0.0, 0.0, 0.0, 1.0]
            ]
        },
        {
            "name": "Thigh_L",
            "time": [0.0, 0.1, 0.1167, 0.3833, 0.75],
            "transform": [
                [0.999603, -0.003004, 0.028007, -0.125006, -0.02759, -0.304693, 0.952051, -0.002831, 0.005673, -0.952446, -0.304655, -1.2e-05, 0.0, 0.0, 0.0, 1.0],
                [0.999733, -0.007721, 0.021773, -0.125006, -0.023045, -0.267612, 0.963251, -0.002831, -0.001611, -0.963495, -0.267718, -1.2e-05, 0.0, 0.0, 0.0, 1.0],
                [0.999743, -0.008712, 0.020898, -0.125006, -0.022447, -0.260787, 0.965135, -0.002831, -0.002958, -0.965357, -0.260915, -1.2e-05, 0.0, 0.0, 0.0, 1.0],
                [0.997496, -0.044722, -0.054781, -0.125006, -0.065483, -0.876619, -0.476707, -0.002831, -0.026703, 0.479101, -0.877353, -1.2e-05, 0.0, 0.0, 0.0, 1.0],
                [0.997009, -0.049975, -0.058946, -0.125006, -0.070706, -0.897749, -0.434795, -0.002831, -0.03119, 0.437662, -0.898598, -1.2e-05, 0.0, 0.0, 0.0, 1.0]
            ]
        },
        {
            "name": "Leg_L",
            "time": [0.0, 0.1167, 0.3833, 0.75],
            "transform": [
                [1.0, -1e-06, 0.0, 0.0, -0.0, 0.328753, 0.944416, 0.374726, -1e-06, -0.944416, 0.328753, -0.0, 0.0, 0.0, 0.0, 1.0],
                [1.0, -1e-06, 0.0, 0.0, -0.0, 0.110767, 0.993846, 0.374726, -1e-06, -0.993846, 0.110767, -0.0, 0.0, 0.0, 0.0, 1.0],
                [1.0, -1e-06, 1e-06, 0.0, -0.0, 0.631338, 0.775508, 0.374726, -1e-06, -0.775507, 0.631338, 0.0, 0.0, 0.0, 0.0, 1.0],
                [1.0, -1e-06, 1e-06, 0.0, -0.0, 0.574935, 0.818199, 0.374726, -1e-06, -0.818199, 0.574935, -0.0, 0.0, 0.0, 0.0, 1.0]
            ]
        },
        {
            "name": "Knee_L",
            "time": [0.0, 0.75],
            "transform": [
                [1.0, 0.0, -0.0, 0.0, -0.0, 0.00567, -0.999984, 0.448347, -0.0, 0.999984, 0.00567, -0.000417, 0.0, 0.0, 0.0, 1.0],
                [1.0, 0.0, -0.0, 0.0, -0.0, 0.00567, -0.999984, 0.419194, -0.0, 0.999984, 0.00567, -0.000252, 0.0, 0.0, 0.0, 1.0]
            ]
        },
        {
            "name": "Torso",
            "time": [0.0, 0.1167, 0.3833, 0.75],
            "transform": [
                [0.641848, 0.0, 0.766832, 0.0, 0.0, 1.0, 0.0, 0.05, -0.766832, 0.0, 0.641848, 0.0, 0.0, 0.0, 0.0, 1.0],
                [0.681258, 0.00553, -0.732023, 0.0, 0.005928, 0.999897, 0.013071, 0.05, 0.73202, -0.013245, 0.681155, 0.0, 0.0, 0.0, 0.0, 1.0],
                [0.938655, -0.118993, 0.323678, 0.0, 0.097579, 0.991872, 0.081663, 0.05, -0.330764, -0.045069, 0.942637, 0.0, 0.0, 0.0, 0.0, 1.0],
                [0.974218, -0.111969, 0.195862, 0.0, 0.097579, 0.991872, 0.081663, 0.05, -0.203414, -0.060445, 0.977225, 0.0, 0.0, 0.0, 0.0, 1.0]
            ]
        },
        {
            "name": "Chest",
            "time": [0.0, 0.1167, 0.3833, 0.75],
            "transform": [
                [1.0, 0.0, -0.0, 0.0, 0.0, 1.0, 0.0, 0.3, 0.0, 0.0, 1.0, -0.0, 0.0, 0.0, 0.0, 1.0],
                [1.0, -0.0, 0.0, -0.0, -0.0, 1.0, 0.0, 0.3, -0.0, -0.0, 1.0, -0.0, 0.0, 0.0, 0.0, 1.0],
                [1.0, -0.0, 0.0, -0.0, -0.0, 1.0, -0.0, 0.3, 0.0, 0.0, 1.0, -0.0, 0.0, 0.0, 0.0, 1.0],
                [1.0, 0.0, -0.0, -0.0, 0.0, 1.0, 0.0, 0.3, 0.0, -0.0, 1.0, -0.0, 0.0, 0.0, 0.0, 1.0]
            ]
        },
        {
            "name": "Head",
            "time": [0.0, 0.1167, 0.3833, 0.75],
            "transform": [
                [0.837806, 0.0, -0.545968, 0.0, 0.0, 1.0, 0.0, 0.4, 0.545968, 0.0, 0.837806, -0.0, 0.0, 0.0, 0.0, 1.0],
                [0.877813, -0.023812, 0.478411, 0.0, 0.031753, 0.99946, -0.008516, 0.4, -0.477949, 0.022666, 0.878095, 0.0, 0.0, 0.0, 0.0, 1.0],
                [0.990661, -0.083795, -0.107564, -0.0, 0.086174, 0.996124, 0.017652, 0.4, 0.105668, -0.026757, 0.994041, -0.0, 0.0, 0.0, 0.0, 1.0],
                [0.982752, 0.091111, -0.160925, -0.0, -0.08742, 0.995723, 0.029885, 0.4, 0.16296, -0.015301, 0.986514, 0.0, 0.0, 0.0, 0.0, 1.0]
            ]
        },
        {
            "name": "Shoulder_R",
            "time": [0.0, 0.1167, 0.3833, 0.75],
            "transform": [
                [0.0, 0.952114, 0.305743, 0.0, 0.0, -0.305743, 0.952114, 0.4, 1.0, -0.0, -0.0, -0.0, 0.0, 0.0, 0.0, 1.0],
                [0.0, 0.952114, 0.305743, 0.0, 0.0, -0.305743, 0.952114, 0.4, 1.0, -0.0, -0.0, 0.0, 0.0, 0.0, 0.0, 1.0],
                [0.0, 0.952114, 0.305743, -0.0, 0.0, -0.305743, 0.952114, 0.4, 1.0, 0.0, -0.0, -0.0, 0.0, 0.0, 0.0, 1.0],
                [0.0, 0.952114, 0.305743, -0.0, 0.0, -0.305743, 0.952114, 0.4, 1.0, 0.0, -0.0, 0.0, 0.0, 0.0, 0.0, 1.0]
            ]
        },
        {
            "name": "Arm_R",
            "time": [0.0, 0.1167, 0.3833, 0.75],
            "transform": [
                [-0.285137, 0.728886, -0.622433, 0.0, -0.565717, 0.396238, 0.72316, 0.393861, 0.773732, 0.558321, 0.299361, -0.0, 0.0, 0.0, 0.0, 1.0],
                [-0.447677, -0.871812, 0.198823, -0.0, 0.157134, 0.14219, 0.977288, 0.393861, -0.880281, 0.468751, 0.073337, 0.0, 0.0, 0.0, 0.0, 1.0],
                [-0.468837, -0.871579, -0.143328, -0.0, 0.830298, -0.379516, -0.408134, 0.393861, 0.301326, -0.310353, 0.901601, 0.0, 0.0, 0.0, 0.0, 1.0],
                [-0.535414, -0.496057, -0.683564, 0.0, 0.638597, -0.767447, 0.056738, 0.393861, -0.552744, -0.406144, 0.727683, 0.0, 0.0, 0.0, 0.0, 1.0]
            ]
        },
        {
            "name": "Hand_R",
            "time": [0.0, 0.1167, 0.3833, 0.75],
            "transform": [
                [1.0, 0.0, -0.0, -0.0, 0.0, 1.0, -0.001013, 0.300003, -0.0, 0.001013, 1.0, -0.0, 0.0, 0.0, 0.0, 1.0],
                [1.0, 0.0, 0.0, -0.0, -0.0, 1.0, -0.00101, 0.300003, -0.0, 0.00101, 1.0, 0.0, 0.0, 0.0, 0.0, 1.0],
                [1.0, 0.0, 0.0, -0.0, -0.0, 1.0, -0.001004, 0.300003, -0.0, 0.001004, 1.0, -0.0, 0.0, 0.0, 0.0, 1.0],
                [1.0, 0.0, 0.0, -0.0, -0.0, 1.0, -0.001002, 0.300003, -0.0, 0.001002, 0.999999, 0.0, 0.0, 0.0, 0.0, 1.0]
            ]
        },
        {
            "name": "Tool_R",
            "time": [0.0, 0.1167, 0.2, 0.2333, 0.25, 0.2667, 0.3, 0.3333, 0.3833, 0.75],
            "transform": [
                [0.785149, 0.59892, 0.157596, 0.0, 0.024281, 0.224506, -0.974171, 0.271711, -0.618831, 0.768695, 0.161728, -0.028915, 0.0, 0.0, 0.0, 1.0],
                [0.983531, -0.161773, 0.0806, -0.0, -0.112579, -0.897205, -0.427025, 0.271711, 0.141396, 0.410919, -0.900641, -0.028915, 0.0, 0.0, 0.0, 1.0],
                [0.916715, -0.398586, -0.027643, -0.0, -0.17313, -0.333926, -0.926563, 0.271711, 0.360084, 0.85418, -0.375123, -0.028915, 0.0, 0.0, 0.0, 1.0],
                [0.724941, -0.679816, -0.110959, 0.0, 0.430016, 0.572502, -0.698089, 0.271711, 0.538096, 0.458359, 0.707362, -0.028915, 0.0, 0.0, 0.0, 1.0],
                [-0.232749, -0.90583, -0.353977, 0.0, 0.568973, 0.168356, -0.804938, 0.271711, 0.788732, -0.388753, 0.476208, -0.028915, 0.0, 0.0, 0.0, 1.0],
                [-0.987402, -0.157952, 0.009398, -0.0, 0.036511, -0.285224, -0.957766, 0.271711, 0.153962, -0.945357, 0.287398, -0.028915, 0.0, 0.0, 0.0, 1.0],
                [-0.938944, 0.294217, 0.178384, 0.0, -0.14194, 0.141057, -0.979773, 0.271711, -0.313428, -0.945272, -0.090684, -0.028915, 0.0, 0.0, 0.0, 1.0],
                [-0.296415, 0.954264, -0.038971, -0.0, 0.080499, -0.015696, -0.996631, 0.271711, -0.951661, -0.298553, -0.072165, -0.028915, 0.0, 0.0, 0.0, 1.0],
                [0.536241, 0.79387, 0.286734, 0.0, 0.327178, 0.117649, -0.937611, 0.271711, -0.778075, 0.596598, -0.196649, -0.028915, 0.0, 0.0, 0.0, 1.0],
                [0.536241, 0.79387, 0.286734, 0.0, 0.327178, 0.117649, -0.937611, 0.271711, -0.778075, 0.596598, -0.196649, -0.028915, 0.0, 0.0, 0.0, 1.0]
            ]
        },
        {
            "name": "Elbow_R",
            "time": [0.0, 0.75],
            "transform": [
                [-1.0, 0.0, 0.0, -0.0, -0.0, 0.003946, -0.999992, 0.300007, -0.0, -0.999992, -0.003946, -0.001252, 0.0, 0.0, 0.0, 1.0],
                [-1.0, 0.0, -0.0, 0.0, 0.0, 0.003946, -0.999992, 0.300008, -0.0, -0.999992, -0.003946, -0.001252, 0.0, 0.0, 0.0, 1.0]
            ]
        },
        {
            "name": "Shoulder_L",
            "time": [0.0, 0.1167, 0.3833, 0.75],
            "transform": [
                [-0.0, -0.952114, -0.305743, 0.0, 0.0, -0.305743, 0.952114, 0.4, -1.0, -0.0, 0.0, -0.0, 0.0, 0.0, 0.0, 1.0],
                [0.0, -0.952114, -0.305743, 0.0, 0.0, -0.305743, 0.952114, 0.4, -1.0, 0.0, 0.0, 0.0, 0.0, 0.0, 0.0, 1.0],
                [0.0, -0.952114, -0.305743, -0.0, 0.0, -0.305743, 0.952114, 0.4, -1.0, 0.0, 0.0, -0.0, 0.0, 0.0, 0.0, 1.0],
                [-0.0, -0.952114, -0.305743, -0.0, 0.0, -0.305743, 0.952114, 0.4, -1.0, -0.0, 0.0, 0.0, 0.0, 0.0, 0.0, 1.0]
            ]
        },
        {
            "name": "Arm_L",
            "time": [0.0, 0.1, 0.1167, 0.3833, 0.75],
            "transform": [
                [-0.983908, 0.174216, 0.039664, 0.0, 0.034305, 0.402057, -0.914972, 0.39386, -0.17535, -0.898887, -0.401563, 0.0, 0.0, 0.0, 0.0, 1.0],
                [-0.524655, -0.754193, 0.39488, 0.0, -0.844495, 0.402482, -0.353321, 0.39386, 0.10754, -0.518845, -0.848077, 0.0, 0.0, 0.0, 0.0, 1.0],
                [-0.545842, -0.76194, 0.348574, 0.0, -0.819577, 0.399022, -0.411187, 0.39386, 0.174211, -0.510126, -0.842271, 0.0, 0.0, 0.0, 0.0, 1.0],
                [-0.52163, -0.254797, 0.814236, 0.0, -0.852692, 0.123714, -0.507553, 0.39386, 0.028591, -0.959047, -0.281796, -0.0, 0.0, 0.0, 0.0, 1.0],
                [-0.358234, -0.726278, 0.586675, 0.0, -0.922157, 0.177032, -0.343927, 0.393861, 0.145926, -0.664213, -0.733162, -0.0, 0.0, 0.0, 0.0, 1.0]
            ]
        },
        {
            "name": "Hand_L",
            "time": [0.0, 0.1167, 0.3833, 0.75],
            "transform": [
                [1.0, -0.0, 0.0, -0.0, 0.0, 0.644393, -0.764694, 0.300003, 0.0, 0.764693, 0.644393, -0.0, 0.0, 0.0, 0.0, 1.0],
                [1.0, -0.0, 0.0, -0.0, 0.0, 0.457524, -0.889197, 0.300003, 0.0, 0.889197, 0.457524, -0.0, 0.0, 0.0, 0.0, 1.0],
                [1.0, 0.0, -0.0, -0.0, -0.0, 0.286019, -0.958224, 0.300003, 0.0, 0.958224, 0.286019, -0.0, 0.0, 0.0, 0.0, 1.0],
                [1.0, -0.0, 0.0, 0.0, 0.0, 0.19464, -0.980874, 0.300003, 0.0, 0.980875, 0.19464, -0.0, 0.0, 0.0, 0.0, 1.0]
            ]
        },
        {
            "name": "Tool_L",
            "time": [0.0, 0.1167, 0.3833, 0.75],
            "transform": [
                [1.0, 0.0, 0.0, -0.0, -0.0, -0.999559, -0.029689, 0.271711, 0.0, 0.029689, -0.999559, -0.028915, 0.0, 0.0, 0.0, 1.0],
                [1.0, 0.0, 0.0, -0.0, -0.0, -0.999559, -0.029689, 0.271711, 0.0, 0.029689, -0.999559, -0.028915, 0.0, 0.0, 0.0, 1.0],
                [1.0, 0.0, 0.0, 0.0, -0.0, -0.999559, -0.029689, 0.271711, 0.0, 0.029689, -0.99956, -0.028915, 0.0, 0.0, 0.0, 1.0],
                [1.0, 0.0, 0.0, -0.0, 0.0, -0.999559, -0.029689, 0.271711, 0.0, 0.029689, -0.99956, -0.028915, 0.0, 0.0, 0.0, 1.0]
            ]
        },
        {
            "name": "Elbow_L",
            "time": [0.0, 0.75],
            "transform": [
                [-1.0, 0.0, -0.0, -0.0, 0.0, 0.003946, -0.999992, 0.380779, -0.0, -0.999993, -0.003946, -0.000934, 0.0, 0.0, 0.0, 1.0],
                [-1.0, 0.0, -0.0, 0.0, 0.0, 0.003946, -0.999992, 0.42804, -0.0, -0.999993, -0.003946, -0.000747, 0.0, 0.0, 0.0, 1.0]
            ]
        }
    ]
}