{
    "animation": [
        {
            "name": "Root",
            "time": [0.0, 0.2167, 0.3, 0.5, 0.75],
            "transform": [
                [1.0, 0.0, 0.0, -5e-06, 0.0, 0.0, -1.0, 0.000946, 0.0, 1.0, 0.0, 0.488915, 0.0, 0.0, 0.0, 1.0],
                [1.0, 0.0, 0.0, -5e-06, 0.0, 0.0, -1.0, -0.417889, 0.0, 1.0, 0.0, 0.326074, 0.0, 0.0, 0.0, 1.0],
                [1.0, 0.0, 0.0, -5e-06, 0.0, 0.0, -1.0, -0.197653, 0.0, 1.0, 0.0, 0.35181, 0.0, 0.0, 0.0, 1.0],
                [1.0, 0.0, 0.0, -5e-06, 0.0, 0.0, -1.0, 0.820493, 0.0, 1.0, 0.0, 0.499272, 0.0, 0.0, 0.0, 1.0],
                [1.0, 0.0, 0.0, -5e-06, 0.0, 0.0, -1.0, 1.004144, 0.0, 1.0, 0.0, 0.552993, 0.0, 0.0, 0.0, 1.0]
            ]
        },
        {
            "name": "Thigh_R",
            "time": [0.0, 0.2167, 0.3, 0.5, 0.75],
            "transform": [
                [0.985653, -0.096665, -0.138359, 0.124994, 0.050303, -0.614255, 0.787502, -0.002831, -0.161112, -0.783162, -0.600581, -1.2e-05, 0.0, 0.0, 0.0, 1.0],
                [0.997602, -0.061691, 0.031358, 0.124994, -0.020582, 0.168137, 0.985549, -0.002831, -0.066072, -0.98383, 0.166464, -1.2e-05, 0.0, 0.0, 0.0, 1.0],
                [0.999692, -0.024427, 0.004248, 0.124994, -0.005197, -0.03892, 0.999229, -0.002831, -0.024243, -0.998942, -0.039035, -1.2e-05, 0.0, 0.0, 0.0, 1.0],
                [0.996829, 0.035749, 0.071086, 0.124994, 0.078157, -0.607496, -0.790468, -0.002831, 0.014926, 0.793516, -0.608365, -1.2e-05, 0.0, 0.0, 0.0, 1.0],
                [0.986859, 0.031708, 0.158443, 0.124994, 0.133387, -0.713296, -0.688052, -0.002831, 0.0912, 0.700143, -0.708153, -1.2e-05, 0.0, 0.0, 0.0, 1.0]
            ]
        },
        {
            "name": "Leg_R",
            "time": [0.0, 0.2167, 0.3, 0.5, 0.75],
            "transform": [
                [1.0, -0.0, 1e-06, -0.0, 0.0, 0.999992, 0.00471, 0.374726, -1e-06, -0.00471, 0.999986, -0.0, 0.0, 0.0, 0.0, 1.0],
                [1.0, -1e-06, 0.0, -0.0, -0.0, -0.145477, 0.989361, 0.374726, -1e-06, -0.989363, -0.145477, 0.0, 0.0, 0.0, 0.0, 1.0],
                [1.0, -1e-06, -0.0, 0.0, -0.0, -0.474258, 0.880385, 0.374726, -1e-06, -0.880387, -0.474255, 0.0, 0.0, 0.0, 0.0, 1.0],
                [1.0, -0.0, 1e-06, -0.0, -0.0, 0.999992, 0.004751, 0.374726, -1e-06, -0.004751, 0.999986, -0.0, 0.0, 0.0, 0.0, 1.0],
                [1.0, -0.0, 1e-06, -0.0, 0.0, 0.999991, 0.004873, 0.374726, -1e-06, -0.004873, 0.999985, -0.0, 0.0, 0.0, 0.0, 1.0]
            ]
        },
        {
            "name": "Knee_R",
            "time": [0.0, 0.75],
            "transform": [
                [1.0, 0.0, -0.0, -0.0, -0.0, 0.00567, -0.999984, 0.374726, -0.0, 0.999984, 0.00567, -0.0, 0.0, 0.0, 0.0, 1.0],
                [1.0, 0.0, -0.0, -0.0, -0.0, 0.00567, -0.999984, 0.374726, -0.0, 0.999984, 0.00567, 0.0, 0.0, 0.0, 0.0, 1.0]
            ]
        },
        {
            "name": "Thigh_L",
            "time": [0.0, 0.2167, 0.3, 0.5, 0.75],
            "transform": [
                [0.999824, -0.018603, -0.002382, -0.125006, -0.017842, -0.90431, -0.426502, -0.002831, 0.00578, 0.426469, -0.904484, -1.2e-05, 0.0, 0.0, 0.0, 1.0],
                [0.998574, -0.012588, -0.051873, -0.125006, -0.053301, -0.287423, -0.956319, -0.002831, -0.002871, 0.957721, -0.287684, -1.2e-05, 0.0, 0.0, 0.0, 1.0],
                [0.999172, -0.035304, -0.020203, -0.125006, -0.040656, -0.882099, -0.469305, -0.002831, -0.001253, 0.469738, -0.882805, -1.2e-05, 0.0, 0.0, 0.0, 1.0],
                [0.99954, -0.006724, 0.02956, -0.125006, -0.029744, -0.405955, 0.913409, -0.002831, 0.005858, -0.913868, -0.405969, -1.2e-05, 0.0, 0.0, 0.0, 1.0],
                [0.999562, -0.001699, 0.029538, -0.125006, -0.027114, -0.452146, 0.891532, -0.002831, 0.011841, -0.891942, -0.451994, -1.2e-05, 0.0, 0.0, 0.0, 1.0]
            ]
        },
        {
            "name": "Leg_L",
            "time": [0.0, 0.2167, 0.3, 0.5, 0.75],
            "transform": [
                [1.0, -0.0, 1e-06, 0.0, -0.0, 0.725178, 0.688561, 0.374726, -1e-06, -0.688561, 0.725178, 0.0, 0.0, 0.0, 0.0, 1.0],
                [1.0, -0.0, 1e-06, 0.0, -0.0, 0.999988, 0.004879, 0.374726, -1e-06, -0.004879, 0.999988, 0.0, 0.0, 0.0, 0.0, 1.0],
                [1.0, -1e-06, 1e-06, -0.0, -0.0, 0.389946, 0.920838, 0.374726, -1e-06, -0.920838, 0.389945, 0.0, 0.0, 0.0, 0.0, 1.0],
                [1.0, -0.0, 1e-06, 0.0, -0.0, 0.78071, 0.624893, 0.374726, -1e-06, -0.624893, 0.78071, -0.0, 0.0, 0.0, 0.0, 1.0],
                [1.0, -1e-06, 0.0, 0.0, -0.0, 0.292609, 0.956232, 0.374726, -1e-06, -0.956232, 0.292609, 0.0, 0.0, 0.0, 0.0, 1.0]
            ]
        },
        {
            "name": "Knee_L",
            "time": [0.0, 0.75],
            "transform": [
                [1.0, 0.0, -0.0, 0.0, -0.0, 0.00567, -0.999984, 0.398315, -0.0, 0.999984, 0.00567, -0.000134, 0.0, 0.0, 0.0, 1.0],
                [1.0, 0.0, -0.0, 0.0, -0.0, 0.00567, -0.999984, 0.452341, -0.0, 0.999984, 0.00567, -0.00044, 0.0, 0.0, 0.0, 1.0]
            ]
        },
        {
            "name": "Torso",
            "time": [0.0, 0.2167, 0.3, 0.5, 0.75],
            "transform": [
                [0.836645, 0.0, 0.547746, 0.0, 0.0, 1.0, 0.0, 0.05, -0.547746, 0.0, 0.836645, 0.0, 0.0, 0.0, 0.0, 1.0],
                [0.829305, 0.0, 0.558797, 0.0, 0.0, 1.0, 0.0, 0.05, -0.558797, 0.0, 0.829305, 0.0, 0.0, 0.0, 0.0, 1.0],
                [0.856088, 0.0, 0.516831, 0.0, 0.0, 1.0, 0.0, 0.05, -0.516831, 0.0, 0.856088, 0.0, 0.0, 0.0, 0.0, 1.0],
                [0.937885, 0.0, 0.346948, 0.0, 0.0, 1.0, 0.0, 0.05, -0.346948, 0.0, 0.937885, 0.0, 0.0, 0.0, 0.0, 1.0],
                [0.641848, 0.0, 0.766832, 0.0, 0.0, 1.0, 0.0, 0.05, -0.766832, 0.0, 0.641848, 0.0, 0.0, 0.0, 0.0, 1.0]
            ]
        },
        {
            "name": "Chest",
            "time": [0.0, 0.2167, 0.3, 0.5, 0.75],
            "transform": [
                [1.0, 0.0, 0.0, 0.0, 0.0, 1.0, 0.0, 0.3, 0.0, 0.0, 1.0, -0.0, 0.0, 0.0, 0.0, 1.0],
                [1.0, 0.0, 0.0, -0.0, 0.0, 1.0, 0.0, 0.3, -0.0, 0.0, 1.0, 0.0, 0.0, 0.0, 0.0, 1.0],
                [1.0, 0.0, 0.0, -0.0, 0.0, 1.0, 0.0, 0.3, 0.0, 0.0, 1.0, 0.0, 0.0, 0.0, 0.0, 1.0],
                [1.0, 0.0, 0.0, 0.0, 0.0, 1.0, 0.0, 0.3, 0.0, 0.0, 1.0, 0.0, 0.0, 0.0, 0.0, 1.0],
                [1.0, 0.0, -0.0, 0.0, 0.0, 1.0, 0.0, 0.3, 0.0, 0.0, 1.0, -0.0, 0.0, 0.0, 0.0, 1.0]
            ]
        },
        {
            "name": "Head",
            "time": [0.0, 0.2167, 0.3, 0.5, 0.75],
            "transform": [
                [0.977351, 0.0, -0.211624, 0.0, 0.0, 1.0, 0.0, 0.4, 0.211624, 0.0, 0.977351, 0.0, 0.0, 0.0, 0.0, 1.0],
                [0.823729, 0.0, -0.566984, -0.0, 0.0, 1.0, 0.0, 0.4, 0.566984, 0.0, 0.823729, -0.0, 0.0, 0.0, 0.0, 1.0],
                [0.84665, 0.0, -0.53215, -0.0, 0.0, 1.0, 0.0, 0.4, 0.53215, 0.0, 0.84665, 0.0, 0.0, 0.0, 0.0, 1.0],
                [0.919899, 0.0, -0.392156, -0.0, 0.0, 1.0, 0.0, 0.4, 0.392156, 0.0, 0.919899, 0.0, 0.0, 0.0, 0.0, 1.0],
                [0.837806, 0.0, -0.545968, 0.0, 0.0, 1.0, 0.0, 0.4, 0.545968, 0.0, 0.837806, -0.0, 0.0, 0.0, 0.0, 1.0]
            ]
        },
        {
            "name": "Shoulder_R",
            "time": [0.0, 0.2167, 0.3, 0.5, 0.75],
            "transform": [
                [0.0, 0.952114, 0.305743, 0.0, 0.0, -0.305743, 0.952114, 0.4, 1.0, 0.0, -0.0, 0.0, 0.0, 0.0, 0.0, 1.0],
                [0.0, 0.952114, 0.305743, -0.0, 0.0, -0.305743, 0.952114, 0.4, 1.0, 0.0, -0.0, -0.0, 0.0, 0.0, 0.0, 1.0],
                [0.0, 0.952114, 0.305743, -0.0, 0.0, -0.305743, 0.952114, 0.4, 1.0, 0.0, -0.0, 0.0, 0.0, 0.0, 0.0, 1.0],
                [0.0, 0.952114, 0.305743, -0.0, 0.0, -0.305743, 0.952114, 0.4, 1.0, 0.0, -0.0, 0.0, 0.0, 0.0, 0.0, 1.0],
                [0.0, 0.952114, 0.305743, 0.0, 0.0, -0.305743, 0.952114, 0.4, 1.0, -0.0, -0.0, -0.0, 0.0, 0.0, 0.0, 1.0]
            ]
        },
        {
            "name": "Arm_R",
            "time": [0.0, 0.2167, 0.3, 0.5, 0.75],
            "transform": [
                [0.52088, -0.609888, -0.597262, -0.0, 0.731498, 0.679544, -0.055959, 0.393861, 0.439994, -0.407748, 0.800092, 0.0, 0.0, 0.0, 0.0, 1.0],
                [-0.450161, -0.719793, 0.528444, -0.0, -0.525215, -0.265171, -0.8086, 0.39386, 0.722152, -0.641547, -0.258676, -0.0, 0.0, 0.0, 0.0, 1.0],
                [-0.328945, -0.752747, -0.570235, 0.0, -0.374331, 0.65831, -0.653074, 0.39386, 0.86699, -0.001368, -0.498324, 0.0, 0.0, 0.0, 0.0, 1.0],
                [-0.104377, -0.301495, -0.947738, 0.0, -0.759104, 0.639825, -0.119939, 0.393861, 0.642547, 0.706912, -0.295649, -0.0, 0.0, 0.0, 0.0, 1.0],
                [-0.250419, 0.832229, -0.494657, -0.0, -0.5669, 0.288131, 0.771755, 0.393861, 0.784802, 0.473683, 0.399638, 0.0, 0.0, 0.0, 0.0, 1.0]
            ]
        },
        {
            "name": "Hand_R",
            "time": [0.0, 0.2167, 0.3, 0.5, 0.75],
            "transform": [
                [1.0, -0.0, 0.0, 0.0, -0.0, 1.0, -0.001001, 0.300002, -0.0, 0.001001, 0.999999, -0.0, 0.0, 0.0, 0.0, 1.0],
                [1.0, -2e-06, 1e-06, -0.0, 3e-06, 0.72638, -0.687294, 0.300002, 1e-06, 0.687294, 0.72638, 0.0, 0.0, 0.0, 0.0, 1.0],
                [1.0, -4e-06, 4e-06, 0.0, 4e-06, -0.104589, -0.994516, 0.300003, 4e-06, 0.994516, -0.104589, -0.0, 0.0, 0.0, 0.0, 1.0],
                [1.0, -0.0, 0.0, -0.0, 0.0, 1.0, -0.001014, 0.300002, -0.0, 0.001014, 1.0, 0.0, 0.0, 0.0, 0.0, 1.0],
                [1.0, 0.0, -0.0, -0.0, 0.0, 1.0, -0.001013, 0.300002, -0.0, 0.001013, 1.0, 0.0, 0.0, 0.0, 0.0, 1.0]
            ]
        },
        {
            "name": "Tool_R",
            "time": [0.0167, 0.2167, 0.3, 0.5, 0.75, 0.0],
            "transform": [
                [0.99748, 0.054993, 0.044837, -0.0, 0.070955, -0.773277, -0.630086, 0.271711, 2e-05, 0.631679, -0.775231, -0.028915, 0.0, 0.0, 0.0, 1.0],
                [0.99748, 0.054993, 0.044837, -0.0, 0.070955, -0.773277, -0.630086, 0.271711, 2.1e-05, 0.631679, -0.77523, -0.028915, 0.0, 0.0, 0.0, 1.0],
                [0.92555, 0.338424, -0.169788, 0.0, -0.178951, -0.004188, -0.983849, 0.271711, -0.333669, 0.940985, 0.056685, -0.028915, 0.0, 0.0, 0.0, 1.0],
                [0.897036, 0.436241, -0.070851, -0.0, -0.135856, 0.11963, -0.98348, 0.271711, -0.420559, 0.891843, 0.166578, -0.028915, 0.0, 0.0, 0.0, 1.0],
                [0.785149, 0.59892, 0.157596, 0.0, 0.024281, 0.224506, -0.97417, 0.271711, -0.618831, 0.768695, 0.161728, -0.028915, 0.0, 0.0, 0.0, 1.0],
                [0.785149, 0.59892, 0.157596, 0.0, 0.024281, 0.224506, -0.974171, 0.271711, -0.618831, 0.768695, 0.161728, -0.028915, 0.0, 0.0, 0.0, 1.0]
            ]
        },
        {
            "name": "Elbow_R",
            "time": [0.0, 0.75],
            "transform": [
                [-1.0, 0.0, -0.0, -0.0, 0.0, 0.003946, -0.999992, 0.300007, -0.0, -0.999992, -0.003946, -0.001252, 0.0, 0.0, 0.0, 1.0],
                [-1.0, 0.0, -0.0, -0.0, 0.0, 0.003946, -0.999992, 0.300007, -0.0, -0.999992, -0.003946, -0.001252, 0.0, 0.0, 0.0, 1.0]
            ]
        },
        {
            "name": "Shoulder_L",
            "time": [0.0, 0.2167, 0.3, 0.5, 0.75],
            "transform": [
                [0.0, -0.952114, -0.305743, 0.0, 0.0, -0.305743, 0.952114, 0.4, -1.0, 0.0, 0.0, 0.0, 0.0, 0.0, 0.0, 1.0],
                [0.0, -0.952114, -0.305743, -0.0, 0.0, -0.305743, 0.952114, 0.4, -1.0, 0.0, 0.0, -0.0, 0.0, 0.0, 0.0, 1.0],
                [0.0, -0.952114, -0.305743, -0.0, 0.0, -0.305743, 0.952114, 0.4, -1.0, 0.0, 0.0, 0.0, 0.0, 0.0, 0.0, 1.0],
                [0.0, -0.952114, -0.305743, -0.0, 0.0, -0.305743, 0.952114, 0.4, -1.0, 0.0, 0.0, 0.0, 0.0, 0.0, 0.0, 1.0],
                [-0.0, -0.952114, -0.305743, 0.0, 0.0, -0.305743, 0.952114, 0.4, -1.0, -0.0, 0.0, -0.0, 0.0, 0.0, 0.0, 1.0]
            ]
        },
        {
            "name": "Arm_L",
            "time": [0.0, 0.2167, 0.3, 0.5, 0.75],
            "transform": [
                [-0.661482, -0.23906, 0.710838, -0.0, -0.711492, 0.499709, -0.494034, 0.39386, -0.237109, -0.83255, -0.500638, 0.0, 0.0, 0.0, 0.0, 1.0],
                [-0.335944, -0.491131, 0.803699, 0.0, -0.879813, 0.46826, -0.081611, 0.39386, -0.336259, -0.734522, -0.589412, -0.0, 0.0, 0.0, 0.0, 1.0],
                [-0.367237, -0.353471, 0.860346, -0.0, -0.85894, 0.483775, -0.167879, 0.39386, -0.356874, -0.800637, -0.481269, -0.0, 0.0, 0.0, 0.0, 1.0],
                [-0.598147, -0.169853, 0.783179, 0.0, -0.698959, 0.588629, -0.406166, 0.393861, -0.392014, -0.790357, -0.470807, -0.0, 0.0, 0.0, 0.0, 1.0],
                [-0.99032, -0.085138, 0.109619, 0.0, -0.138642, 0.569321, -0.81034, 0.39386, 0.006582, -0.817694, -0.575614, -0.0, 0.0, 0.0, 0.0, 1.0]
            ]
        },
        {
            "name": "Hand_L",
            "time": [0.0, 0.2167, 0.3, 0.5, 0.75],
            "transform": [
                [1.0, -0.0, 0.0, -0.0, 0.0, 0.536051, -0.844185, 0.300003, 0.0, 0.844185, 0.536051, -0.0, 0.0, 0.0, 0.0, 1.0],
                [1.0, -0.0, 0.0, -0.0, 0.0, 0.003495, -0.999994, 0.300002, 0.0, 0.999994, 0.003495, -0.0, 0.0, 0.0, 0.0, 1.0],
                [1.0, -0.0, 0.0, 0.0, 0.0, 0.093033, -0.995663, 0.300003, 0.0, 0.995663, 0.093033, 0.0, 0.0, 0.0, 0.0, 1.0],
                [1.0, -0.0, 0.0, 0.0, 0.0, 0.498744, -0.866749, 0.300002, -0.0, 0.866749, 0.498744, -0.0, 0.0, 0.0, 0.0, 1.0],
                [1.0, -0.0, 0.0, 0.0, 0.0, 0.764402, -0.644739, 0.300003, 0.0, 0.644739, 0.764402, 0.0, 0.0, 0.0, 0.0, 1.0]
            ]
        },
        {
            "name": "Tool_L",
            "time": [0.0, 0.2167, 0.3, 0.5, 0.75],
            "transform": [
                [1.0, 0.0, 0.0, -0.0, 0.0, -0.999559, -0.029689, 0.271711, 0.0, 0.029689, -0.99956, -0.028915, 0.0, 0.0, 0.0, 1.0],
                [1.0, 0.0, 0.0, -0.0, 0.0, -0.999559, -0.029689, 0.271711, 0.0, 0.029689, -0.99956, -0.028915, 0.0, 0.0, 0.0, 1.0],
                [1.0, 0.0, 0.0, -0.0, -0.0, -0.999559, -0.029689, 0.271711, 0.0, 0.029689, -0.999559, -0.028915, 0.0, 0.0, 0.0, 1.0],
                [1.0, 0.0, 0.0, 0.0, 0.0, -0.999559, -0.029689, 0.271711, 0.0, 0.029689, -0.99956, -0.028915, 0.0, 0.0, 0.0, 1.0],
                [1.0, 0.0, 0.0, 0.0, -0.0, -0.999559, -0.029689, 0.271711, 0.0, 0.029689, -0.99956, -0.028915, 0.0, 0.0, 0.0, 1.0]
            ]
        },
        {
            "name": "Elbow_L",
            "time": [0.0, 0.75],
            "transform": [
                [-1.0, 0.0, -0.0, -0.0, 0.0, 0.003946, -0.999992, 0.393381, -0.0, -0.999993, -0.003946, -0.000884, 0.0, 0.0, 0.0, 1.0],
                [-1.0, 0.0, -0.0, 0.0, 0.0, 0.003946, -0.999992, 0.364859, -0.0, -0.999992, -0.003946, -0.000996, 0.0, 0.0, 0.0, 1.0]
            ]
        }
    ]
}