{
    "animation": [
        {
            "name": "Root",
            "time": [0.0, 0.2167, 0.3, 0.4167, 0.5833, 0.6667, 0.9],
            "transform": [
                [1.0, 0.0, 0.0, -5e-06, 0.0, 0.0, -1.0, -0.286593, 0.0, 1.0, 0.0, 0.474545, 0.0, 0.0, 0.0, 1.0],
                [1.0, 0.0, 0.0, -5e-06, 0.0, 0.0, -1.0, -0.436213, 0.0, 1.0, 0.0, 0.351115, 0.0, 0.0, 0.0, 1.0],
                [1.0, 0.0, 0.0, -5e-06, 0.0, 0.0, -1.0, -0.659346, 0.0, 1.0, 0.0, 0.298274, 0.0, 0.0, 0.0, 1.0],
                [1.0, 0.0, 0.0, -5e-06, 0.0, 0.0, -1.0, -0.141468, 0.0, 1.0, 0.0, 0.460194, 0.0, 0.0, 0.0, 1.0],
                [1.0, 0.0, 0.0, -5e-06, 0.0, 0.0, -1.0, 2.212093, 0.0, 1.0, 0.0, 0.583172, 0.0, 0.0, 0.0, 1.0],
                [1.0, 0.0, 0.0, -5e-06, 0.0, 0.0, -1.0, 3.156897, 0.0, 1.0, 0.0, 0.613351, 0.0, 0.0, 0.0, 1.0],
                [1.0, 0.0, 0.0, -5e-06, 0.0, 0.0, -1.0, 3.294837, 0.0, 1.0, 0.0, 0.558117, 0.0, 0.0, 0.0, 1.0]
            ]
        },
        {
            "name": "Thigh_R",
            "time": [0.0, 0.2167, 0.3, 0.4167, 0.5833, 0.6667, 0.9],
            "transform": [
                [1.0, 0.0, 0.0, 0.124994, -0.0, -0.232662, 0.972558, -0.002831, 1e-06, -0.972556, -0.232663, -1.2e-05, 0.0, 0.0, 0.0, 1.0],
                [1.0, 1e-06, 0.0, 0.124994, -0.0, 0.099929, 0.994995, -0.002831, 1e-06, -0.994993, 0.099929, -1.2e-05, 0.0, 0.0, 0.0, 1.0],
                [1.0, 1e-06, 0.0, 0.124994, -0.0, 0.234911, 0.972017, -0.002831, 1e-06, -0.972015, 0.234912, -1.2e-05, 0.0, 0.0, 0.0, 1.0],
                [1.0, 1e-06, 0.0, 0.124994, 0.0, -0.357434, 0.933939, -0.002831, 1e-06, -0.933936, -0.357435, -1.2e-05, 0.0, 0.0, 0.0, 1.0],
                [1.0, 0.0, 0.0, 0.124994, 0.0, -0.991262, -0.131899, -0.002831, 0.0, 0.131898, -0.991263, -1.2e-05, 0.0, 0.0, 0.0, 1.0],
                [1.0, -0.0, 0.0, 0.124994, 0.0, -0.735946, -0.677039, -0.002831, 0.0, 0.677037, -0.735948, -1.2e-05, 0.0, 0.0, 0.0, 1.0],
                [1.0, -0.0, 0.0, 0.124994, -0.0, -0.620016, -0.784589, -0.002831, 0.0, 0.784587, -0.620017, -1.2e-05, 0.0, 0.0, 0.0, 1.0]
            ]
        },
        {
            "name": "Leg_R",
            "time": [0.0, 0.2167, 0.3, 0.4167, 0.5833, 0.6667, 0.9],
            "transform": [
                [1.0, -1e-06, 0.0, 0.0, -0.0, 0.329212, 0.944255, 0.374726, -1e-06, -0.944257, 0.32921, -0.0, 0.0, 0.0, 0.0, 1.0],
                [1.0, -1e-06, 0.0, -0.0, -0.0, -0.160373, 0.987055, 0.374726, -1e-06, -0.987057, -0.160372, 0.0, 0.0, 0.0, 0.0, 1.0],
                [1.0, -1e-06, -0.0, -0.0, -0.0, -0.354884, 0.93491, 0.374726, -1e-06, -0.934912, -0.354882, -0.0, 0.0, 0.0, 0.0, 1.0],
                [1.0, -1e-06, 0.0, -0.0, -0.0, -0.220751, 0.975329, 0.374726, -1e-06, -0.975331, -0.22075, -0.0, 0.0, 0.0, 0.0, 1.0],
                [1.0, -1e-06, 0.0, -0.0, -0.0, 0.3289, 0.944364, 0.374726, -1e-06, -0.944366, 0.328898, 0.0, 0.0, 0.0, 0.0, 1.0],
                [1.0, -0.0, 1e-06, 0.0, -0.0, 0.999991, 0.00477, 0.374726, -1e-06, -0.00477, 0.999985, -0.0, 0.0, 0.0, 0.0, 1.0],
                [1.0, -0.0, 1e-06, 0.0, -0.0, 0.999991, 0.004842, 0.374726, -1e-06, -0.004842, 0.999985, 0.0, 0.0, 0.0, 0.0, 1.0]
            ]
        },
        {
            "name": "Knee_R",
            "time": [0.0, 0.9],
            "transform": [
                [1.0, 0.0, -0.0, 0.0, -0.0, 0.00567, -0.999984, 0.448296, -0.0, 0.999984, 0.00567, -0.000417, 0.0, 0.0, 0.0, 1.0],
                [1.0, 0.0, -0.0, 0.0, -0.0, 0.00567, -0.999984, 0.374726, -0.0, 0.999984, 0.00567, 0.0, 0.0, 0.0, 0.0, 1.0]
            ]
        },
        {
            "name": "Thigh_L",
            "time": [0.0, 0.2167, 0.3, 0.4167, 0.5833, 0.6667, 0.9],
            "transform": [
                [1.0, -0.0, 0.0, -0.125006, -0.0, -0.593188, -0.805064, -0.002831, 0.0, 0.805064, -0.593188, -1.2e-05, 0.0, 0.0, 0.0, 1.0],
                [1.0, -0.0, -0.0, -0.125006, -0.0, -0.39529, -0.918556, -0.002831, -0.0, 0.918556, -0.395291, -1.2e-05, 0.0, 0.0, 0.0, 1.0],
                [1.0, -0.0, -1e-06, -0.125006, -1e-06, -0.28847, -0.957489, -0.002831, -0.0, 0.957488, -0.28847, -1.2e-05, 0.0, 0.0, 0.0, 1.0],
                [1.0, 0.0, -0.0, -0.125006, 0.0, -0.895094, -0.445876, -0.002831, -0.0, 0.445876, -0.895095, -1.2e-05, 0.0, 0.0, 0.0, 1.0],
                [1.0, 0.0, 0.0, -0.125006, 0.0, -0.562392, 0.82687, -0.002831, 0.0, -0.82687, -0.562393, -1.2e-05, 0.0, 0.0, 0.0, 1.0],
                [1.0, 0.0, 0.0, -0.125006, 0.0, -0.758607, 0.651548, -0.002831, 0.0, -0.651548, -0.758607, -1.2e-05, 0.0, 0.0, 0.0, 1.0],
                [1.0, 0.0, 0.0, -0.125006, 0.0, -0.543895, 0.839153, -0.002831, 0.0, -0.839153, -0.543896, -1.2e-05, 0.0, 0.0, 0.0, 1.0]
            ]
        },
        {
            "name": "Leg_L",
            "time": [0.0, 0.2167, 0.3, 0.4167, 0.5833, 0.6667, 0.9],
            "transform": [
                [1.0, -0.0, 1e-06, 0.0, -0.0, 0.999989, 0.004721, 0.374726, -1e-06, -0.004721, 0.999989, -0.0, 0.0, 0.0, 0.0, 1.0],
                [1.0, -0.0, 1e-06, -0.0, -0.0, 0.999988, 0.004818, 0.374726, -1e-06, -0.004818, 0.999988, 0.0, 0.0, 0.0, 0.0, 1.0],
                [1.0, -0.0, 1e-06, -0.0, -0.0, 0.999988, 0.004799, 0.374726, -1e-06, -0.004799, 0.999988, -0.0, 0.0, 0.0, 0.0, 1.0],
                [1.0, -1e-06, 1e-06, 0.0, -0.0, 0.689886, 0.723918, 0.374726, -1e-06, -0.723917, 0.689886, -0.0, 0.0, 0.0, 0.0, 1.0],
                [1.0, -1e-06, 0.0, 0.0, -0.0, 0.292233, 0.956347, 0.374726, -1e-06, -0.956347, 0.292233, -0.0, 0.0, 0.0, 0.0, 1.0],
                [1.0, -1e-06, 0.0, 0.0, -0.0, 0.282884, 0.959154, 0.374726, -1e-06, -0.959154, 0.282884, 0.0, 0.0, 0.0, 0.0, 1.0],
                [1.0, -1e-06, 0.0, 0.0, -0.0, 0.139438, 0.990231, 0.374726, -1e-06, -0.99023, 0.139438, 0.0, 0.0, 0.0, 0.0, 1.0]
            ]
        },
        {
            "name": "Knee_L",
            "time": [0.0, 0.9],
            "transform": [
                [1.0, 0.0, -0.0, 0.0, -0.0, 0.00567, -0.999984, 0.374726, -0.0, 0.999984, 0.00567, -0.0, 0.0, 0.0, 0.0, 1.0],
                [1.0, 0.0, -0.0, 0.0, -0.0, 0.00567, -0.999984, 0.468839, -0.0, 0.999984, 0.00567, -0.000534, 0.0, 0.0, 0.0, 1.0]
            ]
        },
        {
            "name": "Torso",
            "time": [0.0, 0.2167, 0.3, 0.4167, 0.5833, 0.6667, 0.9],
            "transform": [
                [0.911714, -0.223073, 0.344987, 0.0, 0.084533, 0.923635, 0.373835, 0.05, -0.402035, -0.311667, 0.860948, 0.0, 0.0, 0.0, 0.0, 1.0],
                [0.911714, -0.223073, 0.344987, 0.0, -0.0, 0.839741, 0.542988, 0.05, -0.410826, -0.495049, 0.765603, 0.0, 0.0, 0.0, 0.0, 1.0],
                [0.911714, -0.223073, 0.344987, 0.0, -0.0, 0.839741, 0.542988, 0.05, -0.410826, -0.495049, 0.765603, 0.0, 0.0, 0.0, 0.0, 1.0],
                [0.911714, -0.223073, 0.344987, 0.0, -0.0, 0.839741, 0.542988, 0.05, -0.410826, -0.495049, 0.765603, 0.0, 0.0, 0.0, 0.0, 1.0],
                [0.904801, 0.079783, -0.418295, 0.0, 0.104285, 0.910866, 0.399308, 0.05, 0.412868, -0.404916, 0.815832, 0.0, 0.0, 0.0, 0.0, 1.0],
                [0.799999, 0.068334, -0.596098, 0.0, 0.022085, 0.989467, 0.143067, 0.05, 0.599595, -0.127618, 0.790063, 0.0, 0.0, 0.0, 0.0, 1.0],
                [0.658517, 0.093276, -0.746763, 0.0, 0.022085, 0.989467, 0.143067, 0.05, 0.752242, -0.110704, 0.64952, 0.0, 0.0, 0.0, 0.0, 1.0]
            ]
        },
        {
            "name": "Chest",
            "time": [0.0, 0.2167, 0.3, 0.4167, 0.5833, 0.6667, 0.9],
            "transform": [
                [1.0, -0.0, 0.0, 0.0, 0.0, 0.94492, 0.327301, 0.3, 0.0, -0.327301, 0.94492, 0.0, 0.0, 0.0, 0.0, 1.0],
                [1.0, 0.0, -0.0, 0.0, -0.0, 0.94492, 0.327301, 0.3, -0.0, -0.327301, 0.94492, -0.0, 0.0, 0.0, 0.0, 1.0],
                [1.0, 0.0, -0.0, -0.0, -0.0, 0.94492, 0.327301, 0.3, -0.0, -0.327301, 0.94492, 0.0, 0.0, 0.0, 0.0, 1.0],
                [1.0, 0.0, -0.0, -0.0, -0.0, 0.94492, 0.327301, 0.3, -0.0, -0.327301, 0.94492, 0.0, 0.0, 0.0, 0.0, 1.0],
                [1.0, 0.0, -0.0, 0.0, 0.0, 0.997852, 0.065509, 0.3, 0.0, -0.065509, 0.997852, -0.0, 0.0, 0.0, 0.0, 1.0],
                [1.0, 0.0, -0.0, 0.0, -0.0, 1.0, 0.0, 0.3, -0.0, 0.0, 1.0, 0.0, 0.0, 0.0, 0.0, 1.0],
                [1.0, -0.0, 0.0, -0.0, -0.0, 1.0, 0.0, 0.3, -0.0, 0.0, 1.0, 0.0, 0.0, 0.0, 0.0, 1.0]
            ]
        },
        {
            "name": "Head",
            "time": [0.0, 0.2167, 0.3, 0.4167, 0.5833, 0.6667, 0.9],
            "transform": [
                [0.857904, 0.316751, -0.40456, 0.0, -0.426165, 0.878507, -0.215891, 0.4, 0.287025, 0.357623, 0.888663, -0.0, 0.0, 0.0, 0.0, 1.0],
                [0.857904, 0.316751, -0.40456, 0.0, -0.426165, 0.878507, -0.215891, 0.4, 0.287025, 0.357623, 0.888663, 0.0, 0.0, 0.0, 0.0, 1.0],
                [0.857904, 0.316751, -0.40456, 0.0, -0.426165, 0.878507, -0.215891, 0.4, 0.287025, 0.357623, 0.888663, -0.0, 0.0, 0.0, 0.0, 1.0],
                [0.857904, 0.316751, -0.40456, 0.0, -0.426165, 0.878507, -0.215891, 0.4, 0.287025, 0.357623, 0.888663, 0.0, 0.0, 0.0, 0.0, 1.0],
                [0.978499, -0.017047, 0.205545, -0.0, -0.009335, 0.991897, 0.126703, 0.4, -0.20604, -0.125897, 0.970411, 0.0, 0.0, 0.0, 0.0, 1.0],
                [0.936442, -0.137408, 0.322795, -0.0, 0.059018, 0.968694, 0.24114, 0.4, -0.345824, -0.206763, 0.915235, 0.0, 0.0, 0.0, 0.0, 1.0],
                [0.935691, -0.16149, 0.313694, 0.0, 0.060473, 0.94935, 0.308346, 0.4, -0.3476, -0.269546, 0.898064, -0.0, 0.0, 0.0, 0.0, 1.0]
            ]
        },
        {
            "name": "Shoulder_R",
            "time": [0.0, 0.2167, 0.3, 0.4167, 0.5833, 0.6667, 0.9],
            "transform": [
                [0.0, 0.952114, 0.305743, 0.0, -0.0, -0.305743, 0.952114, 0.4, 1.0, -0.0, -0.0, -0.0, 0.0, 0.0, 0.0, 1.0],
                [0.0, 0.952114, 0.305743, 0.0, 0.0, -0.305743, 0.952114, 0.4, 1.0, 0.0, -0.0, 0.0, 0.0, 0.0, 0.0, 1.0],
                [0.0, 0.952114, 0.305743, 0.0, 0.0, -0.305743, 0.952114, 0.4, 1.0, 0.0, -0.0, -0.0, 0.0, 0.0, 0.0, 1.0],
                [0.0, 0.952114, 0.305743, 0.0, 0.0, -0.305743, 0.952114, 0.4, 1.0, 0.0, -0.0, 0.0, 0.0, 0.0, 0.0, 1.0],
                [0.0, 0.952114, 0.305743, -0.0, -0.0, -0.305743, 0.952114, 0.4, 1.0, 0.0, -0.0, 0.0, 0.0, 0.0, 0.0, 1.0],
                [0.0, 0.952114, 0.305743, -0.0, 0.0, -0.305743, 0.952114, 0.4, 1.0, -0.0, -0.0, 0.0, 0.0, 0.0, 0.0, 1.0],
                [0.0, 0.952114, 0.305743, 0.0, 0.0, -0.305743, 0.952114, 0.4, 1.0, -0.0, -0.0, -0.0, 0.0, 0.0, 0.0, 1.0]
            ]
        },
        {
            "name": "Arm_R",
            "time": [0.0, 0.2167, 0.3, 0.4167, 0.5833, 0.6667, 0.9],
            "transform": [
                [0.133861, -0.976695, 0.167776, 0.0, -0.232856, -0.19556, -0.952646, 0.39386, 0.963254, 0.088454, -0.253607, 0.0, 0.0, 0.0, 0.0, 1.0],
                [0.522383, -0.78933, 0.322606, -0.0, -0.397926, -0.560265, -0.72647, 0.39386, 0.754169, 0.251122, -0.606768, 0.0, 0.0, 0.0, 0.0, 1.0],
                [0.49562, -0.800869, 0.336111, -0.0, -0.556103, -0.589869, -0.585496, 0.39386, 0.667166, 0.103271, -0.737716, -0.0, 0.0, 0.0, 0.0, 1.0],
                [0.306458, -0.920258, -0.243332, 0.0, -0.365848, 0.122126, -0.922627, 0.39386, 0.878771, 0.371769, -0.299248, 0.0, 0.0, 0.0, 0.0, 1.0],
                [-0.053396, -0.588652, -0.806622, 0.0, -0.25573, 0.788897, -0.558788, 0.393861, 0.965272, 0.176441, -0.192661, 0.0, 0.0, 0.0, 0.0, 1.0],
                [0.173543, -0.446099, -0.877998, -0.0, -0.36065, 0.800807, -0.478164, 0.39386, 0.916414, 0.399632, -0.021911, 0.0, 0.0, 0.0, 0.0, 1.0],
                [0.058404, -0.104586, -0.9928, -0.0, -0.417429, 0.900825, -0.119453, 0.39386, 0.906831, 0.4214, 0.008955, 0.0, 0.0, 0.0, 0.0, 1.0]
            ]
        },
        {
            "name": "Hand_R",
            "time": [0.0, 0.2167, 0.3, 0.4167, 0.5833, 0.6667, 0.9],
            "transform": [
                [1.0, -0.0, 0.0, 0.0, -0.0, 1.0, -0.001008, 0.300003, 0.0, 0.001007, 0.999999, -0.0, 0.0, 0.0, 0.0, 1.0],
                [1.0, 0.0, 0.0, 0.0, -0.0, 0.999999, -0.001013, 0.300003, -0.0, 0.001014, 1.0, -0.0, 0.0, 0.0, 0.0, 1.0],
                [1.0, -0.0, 0.0, -0.0, -0.0, 1.0, -0.001013, 0.300003, -0.0, 0.001013, 1.0, 0.0, 0.0, 0.0, 0.0, 1.0],
                [1.0, -5e-06, 2e-06, -0.0, 5e-06, 0.721123, -0.692807, 0.300003, 2e-06, 0.692807, 0.721123, -0.0, 0.0, 0.0, 0.0, 1.0],
                [1.0, -4e-06, 8e-06, -0.0, 4e-06, -0.536154, -0.844121, 0.300002, 8e-06, 0.84412, -0.536154, 0.0, 0.0, 0.0, 0.0, 1.0],
                [1.0, 0.0, 0.0, 0.0, 0.0, 0.999999, -0.000992, 0.300003, -0.0, 0.000992, 0.999999, 0.0, 0.0, 0.0, 0.0, 1.0],
                [1.0, -0.0, 0.0, 0.0, -0.0, 0.999999, -0.001007, 0.300002, -0.0, 0.001007, 0.999999, -0.0, 0.0, 0.0, 0.0, 1.0]
            ]
        },
        {
            "name": "Tool_R",
            "time": [0.0, 0.2167, 0.3, 0.4167, 0.5833, 0.6667, 0.9],
            "transform": [
                [0.970665, -0.140003, -0.195472, 0.0, -0.223992, -0.822043, -0.52352, 0.271711, -0.087392, 0.551947, -0.829288, -0.028915, 0.0, 0.0, 0.0, 1.0],
                [0.970665, -0.140003, -0.195472, 0.0, -0.223992, -0.822043, -0.52352, 0.271711, -0.087392, 0.551947, -0.829288, -0.028915, 0.0, 0.0, 0.0, 1.0],
                [0.970665, -0.140003, -0.195472, 0.0, -0.223992, -0.822043, -0.52352, 0.271711, -0.087392, 0.551947, -0.829288, -0.028915, 0.0, 0.0, 0.0, 1.0],
                [0.970688, -0.140005, -0.195356, 0.0, -0.223994, -0.821652, -0.524133, 0.271711, -0.087133, 0.552529, -0.828928, -0.028915, 0.0, 0.0, 0.0, 1.0],
                [0.980233, -0.159465, -0.117105, 0.0, -0.147425, -0.193995, -0.969862, 0.271711, 0.131941, 0.967955, -0.21367, -0.028915, 0.0, 0.0, 0.0, 1.0],
                [0.965049, 0.168755, 0.200508, -0.0, 0.189014, 0.081783, -0.978563, 0.271711, -0.181536, 0.98226, 0.047028, -0.028915, 0.0, 0.0, 0.0, 1.0],
                [0.965049, 0.168755, 0.200508, 0.0, 0.189014, 0.081783, -0.978563, 0.271711, -0.181536, 0.98226, 0.047028, -0.028915, 0.0, 0.0, 0.0, 1.0]
            ]
        },
        {
            "name": "Elbow_R",
            "time": [0.0, 0.9],
            "transform": [
                [-1.0, 0.0, -0.0, -0.0, -0.0, 0.003946, -0.999992, 0.300008, -0.0, -0.999992, -0.003946, -0.001252, 0.0, 0.0, 0.0, 1.0],
                [-1.0, 0.0, -0.0, 0.0, 0.0, 0.003946, -0.999992, 0.300008, -0.0, -0.999992, -0.003946, -0.001253, 0.0, 0.0, 0.0, 1.0]
            ]
        },
        {
            "name": "Shoulder_L",
            "time": [0.0, 0.2167, 0.3, 0.4167, 0.5833, 0.6667, 0.9],
            "transform": [
                [-0.0, -0.952114, -0.305743, 0.0, 0.0, -0.305743, 0.952114, 0.4, -1.0, 0.0, 0.0, -0.0, 0.0, 0.0, 0.0, 1.0],
                [-0.0, -0.952114, -0.305743, 0.0, 0.0, -0.305743, 0.952114, 0.4, -1.0, -0.0, 0.0, 0.0, 0.0, 0.0, 0.0, 1.0],
                [-0.0, -0.952114, -0.305743, 0.0, 0.0, -0.305743, 0.952114, 0.4, -1.0, -0.0, 0.0, -0.0, 0.0, 0.0, 0.0, 1.0],
                [-0.0, -0.952114, -0.305743, 0.0, 0.0, -0.305743, 0.952114, 0.4, -1.0, -0.0, 0.0, 0.0, 0.0, 0.0, 0.0, 1.0],
                [-0.0, -0.952114, -0.305743, -0.0, 0.0, -0.305743, 0.952114, 0.4, -1.0, 0.0, 0.0, 0.0, 0.0, 0.0, 0.0, 1.0],
                [-0.0, -0.952114, -0.305743, -0.0, 0.0, -0.305743, 0.952114, 0.4, -1.0, 0.0, 0.0, 0.0, 0.0, 0.0, 0.0, 1.0],
                [0.0, -0.952114, -0.305743, 0.0, 0.0, -0.305743, 0.952114, 0.4, -1.0, -0.0, 0.0, -0.0, 0.0, 0.0, 0.0, 1.0]
            ]
        },
        {
            "name": "Arm_L",
            "time": [0.0, 0.2167, 0.3, 0.4167, 0.5833, 0.6667, 0.9],
            "transform": [
                [0.20235, 0.047451, 0.978163, -0.0, -0.882746, 0.44133, 0.161202, 0.39386, -0.424044, -0.896088, 0.131192, -0.0, 0.0, 0.0, 0.0, 1.0],
                [0.156555, 0.01735, 0.987517, 0.0, -0.89138, 0.433087, 0.133704, 0.39386, -0.425361, -0.901184, 0.083268, -0.0, 0.0, 0.0, 0.0, 1.0],
                [-0.072229, -0.095418, 0.992813, 0.0, -0.886786, 0.461741, -0.020138, 0.393861, -0.456501, -0.881867, -0.117966, 0.0, 0.0, 0.0, 0.0, 1.0],
                [-0.196695, 0.35206, 0.915076, 0.0, -0.948955, 0.166349, -0.267978, 0.39386, -0.246566, -0.921076, 0.30137, 0.0, 0.0, 0.0, 0.0, 1.0],
                [0.336453, 0.099647, 0.936413, 0.0, -0.889152, 0.361142, 0.281042, 0.393861, -0.310174, -0.927171, 0.210109, 0.0, 0.0, 0.0, 0.0, 1.0],
                [0.454466, -0.092255, 0.885974, -0.0, -0.828328, 0.322047, 0.458431, 0.39386, -0.327618, -0.942217, 0.069943, 0.0, 0.0, 0.0, 0.0, 1.0],
                [0.591335, -0.29581, 0.750213, -0.0, -0.745937, 0.152862, 0.648237, 0.39386, -0.306434, -0.942936, -0.130263, -0.0, 0.0, 0.0, 0.0, 1.0]
            ]
        },
        {
            "name": "Hand_L",
            "time": [0.0, 0.2167, 0.3, 0.4167, 0.5833, 0.6667, 0.9],
            "transform": [
                [1.0, 0.0, 0.0, -0.0, -0.0, 1.0, -0.001002, 0.300003, 0.0, 0.001002, 1.0, 0.0, 0.0, 0.0, 0.0, 1.0],
                [1.0, -0.0, 0.0, 0.0, 0.0, 0.999999, -0.000998, 0.300002, 0.0, 0.000998, 0.999999, 0.0, 0.0, 0.0, 0.0, 1.0],
                [1.0, -0.0, 0.0, -0.0, 0.0, 0.999999, -0.000999, 0.300002, 0.0, 0.000999, 0.999999, -0.0, 0.0, 0.0, 0.0, 1.0],
                [1.0, -0.0, 0.0, -0.0, 0.0, 0.73443, -0.678684, 0.300002, 0.0, 0.678684, 0.73443, -0.0, 0.0, 0.0, 0.0, 1.0],
                [1.0, -0.0, 0.0, 0.0, -0.0, 1.0, -0.001004, 0.300003, 0.0, 0.001004, 0.999999, 0.0, 0.0, 0.0, 0.0, 1.0],
                [1.0, 0.0, 0.0, 0.0, -0.0, 1.0, -0.001008, 0.300002, -0.0, 0.001008, 1.0, -1e-06, 0.0, 0.0, 0.0, 1.0],
                [1.0, -0.0, 0.0, -0.0, -0.0, 0.999999, -0.001008, 0.300003, 0.0, 0.001008, 0.999999, -0.0, 0.0, 0.0, 0.0, 1.0]
            ]
        },
        {
            "name": "Tool_L",
            "time": [0.0, 0.2167, 0.3, 0.4167, 0.5833, 0.6667, 0.9],
            "transform": [
                [1.0, -0.0, 0.0, 0.0, -0.0, -0.999559, -0.029689, 0.271711, 0.0, 0.029689, -0.99956, -0.028915, 0.0, 0.0, 0.0, 1.0],
                [1.0, 0.0, 0.0, 0.0, 0.0, -0.999559, -0.029689, 0.271711, 0.0, 0.029689, -0.99956, -0.028915, 0.0, 0.0, 0.0, 1.0],
                [1.0, 0.0, 0.0, -0.0, 0.0, -0.999559, -0.029689, 0.271711, 0.0, 0.029689, -0.999559, -0.028915, 0.0, 0.0, 0.0, 1.0],
                [1.0, -0.0, 0.0, 0.0, 0.0, -0.999559, -0.029689, 0.271711, 0.0, 0.029689, -0.99956, -0.028915, 0.0, 0.0, 0.0, 1.0],
                [1.0, -0.0, 0.0, -0.0, 0.0, -0.999559, -0.029689, 0.271711, 0.0, 0.029689, -0.999559, -0.028915, 0.0, 0.0, 0.0, 1.0],
                [1.0, 0.0, 0.0, -0.0, 0.0, -0.999559, -0.029689, 0.271711, 0.0, 0.029689, -0.99956, -0.028915, 0.0, 0.0, 0.0, 1.0],
                [1.0, -0.0, 0.0, 0.0, 0.0, -0.999559, -0.029689, 0.271711, 0.0, 0.029689, -0.99956, -0.028915, 0.0, 0.0, 0.0, 1.0]
            ]
        },
        {
            "name": "Elbow_L",
            "time": [0.0, 0.9],
            "transform": [
                [-1.0, 0.0, 0.0, -0.0, 0.0, 0.003946, -0.999992, 0.300008, -0.0, -0.999992, -0.003946, -0.001252, 0.0, 0.0, 0.0, 1.0],
                [-1.0, 0.0, -0.0, 0.0, 0.0, 0.003946, -0.999992, 0.300007, -0.0, -0.999993, -0.003946, -0.001252, 0.0, 0.0, 0.0, 1.0]
            ]
        }
    ]
}